-4.265690147876739502e-01 -8.966019749641418457e-01 4.065093994140625000e+00
-3.656310141086578369e-01 -8.674889802932739258e-01 4.075603008270263672e+00
-5.095970034599304199e-01 -1.000771999359130859e+00 4.033882141113281250e+00
-4.140680134296417236e-01 -8.960840106010437012e-01 4.064012050628662109e+00
-3.967219889163970947e-01 -9.927459955215454102e-01 4.013774871826171875e+00
-4.050250053405761719e-01 -8.266599774360656738e-01 4.097784042358398438e+00
-3.998230099678039551e-01 -9.307090044021606445e-01 4.045154094696044922e+00
-5.033689737319946289e-01 -9.025440216064453125e-01 4.083591938018798828e+00
-4.586980044841766357e-01 -9.959939718246459961e-01 4.020446777343750000e+00
-4.235180020332336426e-01 -9.540629982948303223e-01 4.036009788513183594e+00
-3.674910068511962891e-01 -8.256620168685913086e-01 4.096332073211669922e+00
-4.247010052204132080e-01 -9.317740201950073242e-01 4.047292232513427734e+00
-4.069820046424865723e-01 -7.875180244445800781e-01 4.117581844329833984e+00
-5.123249888420104980e-01 -9.610059857368469238e-01 4.055469989776611328e+00
-4.497489929199218750e-01 -9.331049919128417969e-01 4.050436019897460938e+00
-4.280120134353637695e-01 -8.694530129432678223e-01 4.078835010528564453e+00
-4.713790118694305420e-01 -9.971719980239868164e-01 4.023799896240234375e+00
-4.140680134296417236e-01 -8.960840106010437012e-01 4.064012050628662109e+00
-4.406259953975677490e-01 -8.700749874114990234e-01 4.080443859100341797e+00
-4.247010052204132080e-01 -9.317740201950073242e-01 4.047292232513427734e+00
-5.033689737319946289e-01 -9.025440216064453125e-01 4.083591938018798828e+00
-4.840869903564453125e-01 -9.983609914779663086e-01 4.027156829833984375e+00
-4.069820046424865723e-01 -7.875180244445800781e-01 4.117581844329833984e+00
-4.390850067138671875e-01 -8.971289992332458496e-01 4.066174030303955078e+00
-4.497489929199218750e-01 -9.331049919128417969e-01 4.050436019897460938e+00
-4.196409881114959717e-01 -7.879729866981506348e-01 4.118713855743408203e+00
-4.687089920043945312e-01 -1.039283990859985352e+00 4.001008987426757812e+00
-3.740339875221252441e-01 -9.521139860153198242e-01 4.032570838928222656e+00
-5.123249888420104980e-01 -9.610059857368469238e-01 4.055469989776611328e+00
-5.139989852905273438e-01 -9.389979839324951172e-01 4.068727970123291016e+00
-5.139989852905273438e-01 -9.389979839324951172e-01 4.068727970123291016e+00
-5.139989852905273438e-01 -9.389979839324951172e-01 4.068727970123291016e+00
-4.968270063400268555e-01 -9.995610117912292480e-01 4.030518054962158203e+00
-4.687089920043945312e-01 -1.039283990859985352e+00 4.001008987426757812e+00
-3.766750097274780273e-01 -8.946419954299926758e-01 4.061047077178955078e+00
-4.840869903564453125e-01 -9.983609914779663086e-01 4.027156829833984375e+00
-4.646700024604797363e-01 -8.991900086402893066e-01 4.072787761688232422e+00
-3.692319989204406738e-01 -7.864949703216552734e-01 4.115743160247802734e+00
-4.738920032978057861e-01 -9.575300216674804688e-01 4.045256137847900391e+00
-4.069820046424865723e-01 -7.875180244445800781e-01 4.117581844329833984e+00
-4.140680134296417236e-01 -8.960840106010437012e-01 4.064012050628662109e+00
-4.235180020332336426e-01 -9.540629982948303223e-01 4.036009788513183594e+00
-4.015800058841705322e-01 -8.955739736557006836e-01 4.062926769256591797e+00
-4.940060079097747803e-01 -1.041759967803955078e+00 4.007633209228515625e+00
-3.831230103969573975e-01 -7.564719915390014648e-01 4.130558013916015625e+00
-3.891080021858215332e-01 -8.950710296630859375e-01 4.061839103698730469e+00
-3.750590085983276367e-01 -9.298189878463745117e-01 4.043618202209472656e+00
-3.798750042915344238e-01 -8.257319927215576172e-01 4.095549106597900391e+00
-3.924449980258941650e-01 -8.261920213699340820e-01 4.096667766571044922e+00
-3.831230103969573975e-01 -7.564719915390014648e-01 4.130558013916015625e+00
-4.461399912834167480e-01 -9.950339794158935547e-01 4.017934799194335938e+00
-3.891080021858215332e-01 -8.950710296630859375e-01 4.061839103698730469e+00
-4.015800058841705322e-01 -8.955739736557006836e-01 4.062926769256591797e+00
-4.840869903564453125e-01 -9.983609914779663086e-01 4.027156829833984375e+00
-3.692319989204406738e-01 -7.864949703216552734e-01 4.115743160247802734e+00
-4.015800058841705322e-01 -8.955739736557006836e-01 4.062926769256591797e+00
-4.813419878482818604e-01 -1.040516972541809082e+00 4.004320144653320312e+00
-4.738920032978057861e-01 -9.575300216674804688e-01 4.045256137847900391e+00
-4.154669940471649170e-01 -8.689479827880859375e-01 4.077742099761962891e+00
-3.674910068511962891e-01 -8.256620168685913086e-01 4.096332073211669922e+00
-4.247010052204132080e-01 -9.317740201950073242e-01 4.047292232513427734e+00
-4.461399912834167480e-01 -9.950339794158935547e-01 4.017934799194335938e+00
-4.176219999790191650e-01 -8.271350264549255371e-01 4.098897933959960938e+00
-4.214029908180236816e-01 -9.938719868659973145e-01 4.015861034393310547e+00
-4.866710007190704346e-01 -9.586780071258544922e-01 4.048655986785888672e+00
-4.968270063400268555e-01 -9.995610117912292480e-01 4.030518054962158203e+00
-4.687089920043945312e-01 -1.039283990859985352e+00 4.001008987426757812e+00
-4.753000140190124512e-01 -9.353240132331848145e-01 4.057273864746093750e+00
-4.534670114517211914e-01 -8.711050152778625488e-01 4.083926200866699219e+00
-5.123249888420104980e-01 -9.610059857368469238e-01 4.055469989776611328e+00
-4.561029970645904541e-01 -1.038063049316406250e+00 3.997699975967407227e+00
-5.095970034599304199e-01 -1.000771999359130859e+00 4.033882141113281250e+00
-4.646700024604797363e-01 -8.991900086402893066e-01 4.072787761688232422e+00
-4.753000140190124512e-01 -9.353240132331848145e-01 4.057273864746093750e+00
-4.611409902572631836e-01 -9.563930034637451172e-01 4.041859149932861328e+00
-3.924449980258941650e-01 -8.261920213699340820e-01 4.096667766571044922e+00
-4.235180020332336426e-01 -9.540629982948303223e-01 4.036009788513183594e+00
-4.484190046787261963e-01 -9.552659988403320312e-01 4.038465023040771484e+00
-4.994820058345794678e-01 -9.598370194435119629e-01 4.052061080932617188e+00
-3.958010077476501465e-01 -7.568979859352111816e-01 4.131706237792968750e+00
-3.904210031032562256e-01 -8.679630160331726074e-01 4.075545787811279297e+00
-4.738920032978057861e-01 -9.575300216674804688e-01 4.045256137847900391e+00
-4.940060079097747803e-01 -1.041759967803955078e+00 4.007633209228515625e+00
-4.214029908180236816e-01 -9.938719868659973145e-01 4.015861034393310547e+00
-4.280120134353637695e-01 -8.694530129432678223e-01 4.078835010528564453e+00
