1.834108948707580566e+00 -7.094389796257019043e-01 2.799057006835937500e+00
1.759019970893859863e+00 -8.770200014114379883e-01 2.756433963775634766e+00
1.929674029350280762e+00 -6.646000146865844727e-01 2.689940929412841797e+00
1.816360950469970703e+00 -1.026093959808349609e+00 2.548173904418945312e+00
1.734652996063232422e+00 -1.212525010108947754e+00 2.496731042861938477e+00
1.782261013984680176e+00 -8.428310155868530273e-01 2.737907886505126953e+00
1.858358979225158691e+00 -6.714540123939514160e-01 2.780852079391479492e+00
1.877146959304809570e+00 -6.188840270042419434e-01 2.827388048171997070e+00
1.924389958381652832e+00 -7.992179989814758301e-01 2.615374088287353516e+00
1.831637978553771973e+00 -7.117630243301391602e-01 2.813761949539184570e+00
1.619979023933410645e+00 -9.926350116729736328e-01 2.678953886032104492e+00
1.951961994171142578e+00 -8.657379746437072754e-01 2.570719957351684570e+00
1.688776016235351562e+00 -1.189434051513671875e+00 2.560384988784790039e+00
1.668290972709655762e+00 -1.084215998649597168e+00 2.649364948272705078e+00
1.939762949943542480e+00 -7.494029998779296875e-01 2.636266946792602539e+00
1.668290972709655762e+00 -1.084215998649597168e+00 2.649364948272705078e+00
1.922374963760375977e+00 -6.091200113296508789e-01 2.731612920761108398e+00
1.664536952972412109e+00 -1.059396982192993164e+00 2.661169052124023438e+00
1.599434018135070801e+00 -1.084583044052124023e+00 2.627053022384643555e+00
1.817654967308044434e+00 -9.971209764480590820e-01 2.566329956054687500e+00
1.756486058235168457e+00 -9.240980148315429688e-01 2.698312044143676758e+00
1.900907993316650391e+00 -1.056728005409240723e+00 2.487867116928100586e+00
1.862671971321105957e+00 -7.012379765510559082e-01 2.733443975448608398e+00
1.601119995117187500e+00 -1.044330000877380371e+00 2.647767066955566406e+00
1.836145043373107910e+00 -1.124022960662841797e+00 2.479741096496582031e+00
1.681164026260375977e+00 -1.133102059364318848e+00 2.616993904113769531e+00
1.842761039733886719e+00 -9.352260231971740723e-01 2.585211992263793945e+00
1.972954034805297852e+00 -6.095719933509826660e-01 2.698385953903198242e+00
1.847784042358398438e+00 -7.513049840927124023e-01 2.711595058441162109e+00
1.675150990486145020e+00 -1.035802960395812988e+00 2.678138971328735352e+00
1.752030968666076660e+00 -1.054757952690124512e+00 2.587816953659057617e+00
1.737449049949645996e+00 -9.082289934158325195e-01 2.777736902236938477e+00
1.819646000862121582e+00 -9.153410196304321289e-01 2.619062900543212891e+00
1.720636010169982910e+00 -1.213282942771911621e+00 2.508714914321899414e+00
1.832867026329040527e+00 -9.969940185546875000e-01 2.554992914199829102e+00
1.984050989151000977e+00 -5.082799792289733887e-01 2.748203039169311523e+00
1.626844048500061035e+00 -1.281690001487731934e+00 2.532435894012451172e+00
1.757408022880554199e+00 -1.256088018417358398e+00 2.449803113937377930e+00
1.742691040039062500e+00 -1.256155014038085938e+00 2.460489034652709961e+00
1.913843989372253418e+00 -6.647499799728393555e-01 2.702137947082519531e+00
1.939414024353027344e+00 -5.293049812316894531e-01 2.773559093475341797e+00
1.727946996688842773e+00 -1.033789038658142090e+00 2.637042045593261719e+00
1.900599956512451172e+00 -5.851209759712219238e-01 2.789102077484130859e+00
1.789860010147094727e+00 -8.112890124320983887e-01 2.767802953720092773e+00
1.691535949707031250e+00 -1.066316962242126465e+00 2.668397903442382812e+00
1.878165960311889648e+00 -6.376270055770874023e-01 2.774123907089233398e+00
1.907539010047912598e+00 -7.987830042839050293e-01 2.625502109527587891e+00
2.040637016296386719e+00 -5.121380090713500977e-01 2.738601922988891602e+00
1.761870980262756348e+00 -9.226610064506530762e-01 2.688813924789428711e+00
1.754516005516052246e+00 -1.093868017196655273e+00 2.558113098144531250e+00
1.693788051605224609e+00 -1.131011009216308594e+00 2.601996898651123047e+00
1.913748979568481445e+00 -7.485880255699157715e-01 2.650825023651123047e+00
1.704820036888122559e+00 -9.516239762306213379e-01 2.743942975997924805e+00
1.702689051628112793e+00 -1.063249945640563965e+00 2.650501012802124023e+00
1.952998042106628418e+00 -5.558000206947326660e-01 2.739861965179443359e+00
1.879104018211364746e+00 -6.669589877128601074e-01 2.739763975143432617e+00
1.958917975425720215e+00 -7.506629824638366699e-01 2.628931999206542969e+00
1.939077019691467285e+00 -7.206599712371826172e-01 2.652054071426391602e+00
1.924608945846557617e+00 -5.571920275688171387e-01 2.770139932632446289e+00
1.905652046203613281e+00 -5.840939879417419434e-01 2.778470993041992188e+00
1.965507984161376953e+00 -6.338199973106384277e-01 2.688201904296875000e+00
1.828444004058837891e+00 -7.171800136566162109e-01 2.846257925033569336e+00
1.727718949317932129e+00 -1.236770033836364746e+00 2.486749887466430664e+00
1.916617035865783691e+00 -9.169669747352600098e-01 2.556037902832031250e+00
1.952998042106628418e+00 -5.558000206947326660e-01 2.739861965179443359e+00
1.979300022125244141e+00 -5.562480092048645020e-01 2.724272012710571289e+00
1.839545965194702148e+00 -7.262430191040039062e-01 2.752701044082641602e+00
1.704820036888122559e+00 -9.516239762306213379e-01 2.743942975997924805e+00
1.953335046768188477e+00 -7.685710191726684570e-01 2.621439933776855469e+00
1.792629957199096680e+00 -9.377650022506713867e-01 2.630659103393554688e+00
1.890275955200195312e+00 -7.204710245132446289e-01 2.686002016067504883e+00
1.945474982261657715e+00 -5.090879797935485840e-01 2.782227039337158203e+00
2.057442903518676758e+00 -6.424549818038940430e-01 2.675970077514648438e+00
1.892171025276184082e+00 -6.657530069351196289e-01 2.723449945449829102e+00
1.774021029472351074e+00 -1.279868960380554199e+00 2.426307916641235352e+00
1.804932951927185059e+00 -9.667840003967285156e-01 2.597887039184570312e+00
1.984050989151000977e+00 -5.082799792289733887e-01 2.748203039169311523e+00
1.648782014846801758e+00 -1.286913037300109863e+00 2.532857894897460938e+00
1.817774057388305664e+00 -7.377439737319946289e-01 2.829648971557617188e+00
1.811926007270812988e+00 -7.604529857635498047e-01 2.783479928970336914e+00
1.624662995338439941e+00 -1.049239039421081543e+00 2.650460958480834961e+00
1.834108948707580566e+00 -7.094389796257019043e-01 2.799057006835937500e+00
1.841050982475280762e+00 -1.052773952484130859e+00 2.517982959747314453e+00
1.830535054206848145e+00 -7.543389797210693359e-01 2.739217042922973633e+00
2.043401956558227539e+00 -6.405869722366333008e-01 2.674360990524291992e+00
1.808887958526611328e+00 -1.051813006401062012e+00 2.537691116333007812e+00
1.937996029853820801e+00 -5.812929868698120117e-01 2.736238956451416016e+00
1.781523942947387695e+00 -9.986760020256042480e-01 2.597491025924682617e+00
1.908102035522460938e+00 -6.337469816207885742e-01 2.728780031204223633e+00
1.939414024353027344e+00 -5.293049812316894531e-01 2.773559093475341797e+00
1.714424967765808105e+00 -1.010486006736755371e+00 2.686553001403808594e+00
1.846431016921997070e+00 -6.794589757919311523e-01 2.836486101150512695e+00
1.763370990753173828e+00 -1.235615015029907227e+00 2.458116054534912109e+00
1.866371989250183105e+00 -1.077352046966552734e+00 2.489029884338378906e+00
1.904103994369506836e+00 -6.984050273895263672e-01 2.688386917114257812e+00
2.034971952438354492e+00 -5.603280067443847656e-01 2.713877916336059570e+00
1.661365985870361328e+00 -1.099472999572753906e+00 2.638366937637329102e+00
1.779657006263732910e+00 -9.193189740180969238e-01 2.663081884384155273e+00
1.767670035362243652e+00 -8.730959892272949219e-01 2.733489990234375000e+00
1.786496043205261230e+00 -1.183570981025695801e+00 2.474560022354125977e+00
1.794481039047241211e+00 -1.156273961067199707e+00 2.485620975494384766e+00
1.923629999160766602e+00 -5.819510221481323242e-01 2.750987052917480469e+00
1.952998042106628418e+00 -5.558000206947326660e-01 2.739861965179443359e+00
1.844122052192687988e+00 -1.124331951141357422e+00 2.474872112274169922e+00
1.904103994369506836e+00 -6.984050273895263672e-01 2.688386917114257812e+00
1.612673997879028320e+00 -1.046651005744934082e+00 2.648797988891601562e+00
1.786128044128417969e+00 -1.211951971054077148e+00 2.458394050598144531e+00
1.667446017265319824e+00 -1.242624044418334961e+00 2.544712066650390625e+00
1.906324028968811035e+00 -5.616919994354248047e-01 2.815713882446289062e+00
1.661991000175476074e+00 -1.130818009376525879e+00 2.621789932250976562e+00
1.870157003402709961e+00 -1.094892978668212891e+00 2.478468894958496094e+00
1.866428971290588379e+00 -6.422520279884338379e-01 2.811244964599609375e+00
1.619325041770935059e+00 -1.235331058502197266e+00 2.554485082626342773e+00
1.705312967300415039e+00 -1.039459943771362305e+00 2.672275066375732422e+00
1.741646051406860352e+00 -9.060580134391784668e-01 2.765858888626098633e+00
1.877146959304809570e+00 -6.188840270042419434e-01 2.827388048171997070e+00
1.783900022506713867e+00 -8.689900040626525879e-01 2.704605102539062500e+00
1.965507984161376953e+00 -6.338199973106384277e-01 2.688201904296875000e+00
1.881739974021911621e+00 -9.985550045967102051e-01 2.525356054306030273e+00
1.938269972801208496e+00 -6.647689938545227051e-01 2.684789896011352539e+00
1.710701942443847656e+00 -1.037845015525817871e+00 2.662974119186401367e+00
1.825131058692932129e+00 -7.555249929428100586e-01 2.749041080474853516e+00
1.916959047317504883e+00 -7.667269706726074219e-01 2.638467073440551758e+00
1.803223013877868652e+00 -9.977189898490905762e-01 2.578793048858642578e+00
1.734029054641723633e+00 -1.095592975616455078e+00 2.577939987182617188e+00
1.856145024299621582e+00 -7.230370044708251953e-01 2.723865032196044922e+00
1.802273035049438477e+00 -1.184152007102966309e+00 2.464948892593383789e+00
1.721578955650329590e+00 -1.034747004508972168e+00 2.644687891006469727e+00
1.699620962142944336e+00 -9.288769960403442383e-01 2.754070997238159180e+00
1.983394026756286621e+00 -7.710679769515991211e-01 2.612116098403930664e+00
1.900791049003601074e+00 -9.371320009231567383e-01 2.550925016403198242e+00
1.810163974761962891e+00 -1.184455990791320801e+00 2.460133075714111328e+00
1.693788051605224609e+00 -1.131011009216308594e+00 2.601996898651123047e+00
1.922029972076416016e+00 -7.202799916267395020e-01 2.662296056747436523e+00
1.802273035049438477e+00 -1.184152007102966309e+00 2.464948892593383789e+00
1.687912940979003906e+00 -1.009209990501403809e+00 2.698542118072509766e+00
1.791476011276245117e+00 -7.904070019721984863e-01 2.844991922378540039e+00
1.889039039611816406e+00 -6.988440155982971191e-01 2.701519012451171875e+00
1.919201970100402832e+00 -5.580509901046752930e-01 2.780214071273803711e+00
1.931254982948303223e+00 -5.120130181312561035e-01 2.815800905227661133e+00
1.891319990158081055e+00 -5.901229977607727051e-01 2.830176115036010742e+00
1.841050982475280762e+00 -1.052773952484130859e+00 2.517982959747314453e+00
2.022140026092529297e+00 -5.590459704399108887e-01 2.713778018951416016e+00
1.869153022766113281e+00 -7.217289805412292480e-01 2.707711935043334961e+00
1.882642030715942383e+00 -6.151180267333984375e-01 2.798880100250244141e+00
1.720739960670471191e+00 -1.237149953842163086e+00 2.492716073989868164e+00
1.763751029968261719e+00 -1.183380961418151855e+00 2.490223884582519531e+00
1.699558019638061523e+00 -1.214491009712219238e+00 2.526693105697631836e+00
1.891962051391601562e+00 -9.365739822387695312e-01 2.555123090744018555e+00
1.757554054260253906e+00 -1.156772971153259277e+00 2.513482093811035156e+00
1.897061944007873535e+00 -7.483260035514831543e-01 2.661390066146850586e+00
1.803840994834899902e+00 -8.375750184059143066e-01 2.699270963668823242e+00
1.778509020805358887e+00 -8.703479766845703125e-01 2.714205980300903320e+00
1.757408022880554199e+00 -1.256088018417358398e+00 2.449803113937377930e+00
1.809267997741699219e+00 -8.051249980926513672e-01 2.725147008895874023e+00
1.624662995338439941e+00 -1.049239039421081543e+00 2.650460958480834961e+00
1.923817992210388184e+00 -5.319529771804809570e-01 2.804956912994384766e+00
1.873453974723815918e+00 -6.678929924964904785e-01 2.749265909194946289e+00
1.801378965377807617e+00 -7.798920273780822754e-01 2.785615921020507812e+00
1.841567039489746094e+00 -9.144970178604125977e-01 2.600090980529785156e+00
1.852100968360900879e+00 -1.124650001525878906e+00 2.469997882843017578e+00
1.786821961402893066e+00 -1.236502051353454590e+00 2.443814992904663086e+00
1.761870980262756348e+00 -9.226610064506530762e-01 2.688813924789428711e+00
1.688776016235351562e+00 -1.189434051513671875e+00 2.560384988784790039e+00
1.728608965873718262e+00 -9.510920047760009766e-01 2.726881027221679688e+00
1.891811013221740723e+00 -1.055843949317932129e+00 2.491502046585083008e+00
1.661659002304077148e+00 -1.032443046569824219e+00 2.674474000930786133e+00
1.756736993789672852e+00 -1.183720946311950684e+00 2.496248006820678711e+00
1.864863991737365723e+00 -1.027577042579650879e+00 2.518527030944824219e+00
1.789271950721740723e+00 -8.676440119743347168e-01 2.695029973983764648e+00
1.845914006233215332e+00 -7.997660040855407715e-01 2.674046993255615234e+00
1.951681971549987793e+00 -8.359519839286804199e-01 2.586512088775634766e+00
1.695423960685729980e+00 -1.086285948753356934e+00 2.639192104339599609e+00
1.835489988327026367e+00 -9.354979991912841797e-01 2.591511011123657227e+00
1.910017013549804688e+00 -1.057623028755187988e+00 2.484222888946533203e+00
1.890799045562744141e+00 -1.029332995414733887e+00 2.505824089050292969e+00
1.851915001869201660e+00 -7.034270167350769043e-01 2.753199100494384766e+00
2.010576009750366211e+00 -5.581099987030029297e-01 2.715312957763671875e+00
1.693788051605224609e+00 -1.131011009216308594e+00 2.601996898651123047e+00
1.787685036659240723e+00 -8.414999842643737793e-01 2.728209018707275391e+00
1.758713006973266602e+00 -1.054090023040771484e+00 2.580884933471679688e+00
1.833026051521301270e+00 -8.011980056762695312e-01 2.689938068389892578e+00
1.946015954017639160e+00 -5.288289785385131836e-01 2.765206098556518555e+00
2.022140026092529297e+00 -5.590459704399108887e-01 2.713778018951416016e+00
1.993836998939514160e+00 -5.086640119552612305e-01 2.744281053543090820e+00
1.673655033111572266e+00 -1.005537986755371094e+00 2.693783044815063477e+00
1.943366050720214844e+00 -8.005520105361938477e-01 2.608062028884887695e+00
1.785752058029174805e+00 -8.132230043411254883e-01 2.779802083969116211e+00
1.999384045600891113e+00 -5.572760105133056641e-01 2.717295885086059570e+00
1.734029054641723633e+00 -1.095592975616455078e+00 2.577939987182617188e+00
1.722244024276733398e+00 -1.279747962951660156e+00 2.462985038757324219e+00
1.745751976966857910e+00 -1.055685997009277344e+00 2.595369100570678711e+00
1.836145043373107910e+00 -1.124022960662841797e+00 2.479741096496582031e+00
1.785752058029174805e+00 -8.132230043411254883e-01 2.779802083969116211e+00
1.964856982231140137e+00 -6.999809741973876953e-01 2.653568029403686523e+00
1.739083051681518555e+00 -9.478530287742614746e-01 2.707154035568237305e+00
1.930717945098876953e+00 -7.489809989929199219e-01 2.640619993209838867e+00
1.955855965614318848e+00 -6.652539968490600586e-01 2.675002098083496094e+00
1.975280046463012695e+00 -6.663759946823120117e-01 2.667644977569580078e+00
1.886587977409362793e+00 -6.136590242385864258e-01 2.786562919616699219e+00
1.795351028442382812e+00 -7.846149802207946777e-01 2.813365936279296875e+00
1.877146959304809570e+00 -6.188840270042419434e-01 2.827388048171997070e+00
1.968515992164611816e+00 -7.513030171394348145e-01 2.625251054763793945e+00
1.803223013877868652e+00 -9.977189898490905762e-01 2.578793048858642578e+00
1.762065052986145020e+00 -8.531399965286254883e-01 2.798285961151123047e+00
1.952082037925720215e+00 -4.885340034961700439e-01 2.791676044464111328e+00
1.816660046577453613e+00 -7.407730221748352051e-01 2.846756935119628906e+00
1.612673997879028320e+00 -1.046651005744934082e+00 2.648797988891601562e+00
1.750746965408325195e+00 -1.278957009315490723e+00 2.440519094467163086e+00
1.908810973167419434e+00 -6.100620031356811523e-01 2.747401952743530273e+00
1.603216052055358887e+00 -1.178081989288330078e+00 2.580410003662109375e+00
1.953331947326660156e+00 -8.918589949607849121e-01 2.556478977203369141e+00
1.603216052055358887e+00 -1.178081989288330078e+00 2.580410003662109375e+00
1.852100968360900879e+00 -1.124650001525878906e+00 2.469997882843017578e+00
1.935127019882202148e+00 -5.107960104942321777e-01 2.803283929824829102e+00
1.909070968627929688e+00 -1.031056046485900879e+00 2.498550891876220703e+00
1.938269972801208496e+00 -6.647689938545227051e-01 2.684789896011352539e+00
1.773517012596130371e+00 -9.402890205383300781e-01 2.653894901275634766e+00
1.963278055191040039e+00 -6.090980172157287598e-01 2.702219963073730469e+00
1.924608945846557617e+00 -5.571920275688171387e-01 2.770139932632446289e+00
1.809525966644287109e+00 -7.761930227279663086e-01 2.761540889739990234e+00
1.923629999160766602e+00 -5.819510221481323242e-01 2.750987052917480469e+00
1.793979048728942871e+00 -1.212252974510192871e+00 2.453603982925415039e+00
1.975268959999084473e+00 -6.343539953231811523e-01 2.684521913528442383e+00
1.859042048454284668e+00 -9.355890154838562012e-01 2.575047969818115234e+00
1.675150990486145020e+00 -1.035802960395812988e+00 2.678138971328735352e+00
1.794481039047241211e+00 -1.156273961067199707e+00 2.485620975494384766e+00
1.816534996032714844e+00 -8.359389901161193848e-01 2.683090925216674805e+00
1.803840994834899902e+00 -8.375750184059143066e-01 2.699270963668823242e+00
1.714506983757019043e+00 -1.185951948165893555e+00 2.532392024993896484e+00
1.848960995674133301e+00 -7.685210108757019043e-01 2.695815086364746094e+00
1.716220021247863770e+00 -9.333909749984741211e-01 2.762291908264160156e+00
1.690060019493103027e+00 -1.087962031364440918e+00 2.648372888565063477e+00
2.031052112579345703e+00 -6.715909838676452637e-01 2.658196926116943359e+00
1.692752957344055176e+00 -1.238767027854919434e+00 2.516577005386352539e+00
1.637871980667114258e+00 -1.052595973014831543e+00 2.654012918472290039e+00
1.781252026557922363e+00 -8.927199840545654297e-01 2.682950019836425781e+00
1.815987944602966309e+00 -7.586460113525390625e-01 2.771403074264526367e+00
1.673632025718688965e+00 -1.241523981094360352e+00 2.537425041198730469e+00
2.013258934020996094e+00 -5.841410160064697266e-01 2.701859951019287109e+00
1.877146959304809570e+00 -6.188840270042419434e-01 2.827388048171997070e+00
1.761849045753479004e+00 -1.000890970230102539e+00 2.619299888610839844e+00
1.667232036590576172e+00 -1.283527016639709473e+00 2.511210918426513672e+00
1.648146986961364746e+00 -1.161041021347045898e+00 2.599951028823852539e+00
1.928061962127685547e+00 -5.307949781417846680e-01 2.793049097061157227e+00
1.809525966644287109e+00 -7.761930227279663086e-01 2.761540889739990234e+00
1.835489988327026367e+00 -9.354979991912841797e-01 2.591511011123657227e+00
1.961524963378906250e+00 -8.665419816970825195e-01 2.567202091217041016e+00
1.745751976966857910e+00 -1.055685997009277344e+00 2.595369100570678711e+00
1.649904012680053711e+00 -1.189381957054138184e+00 2.585447072982788086e+00
1.649904012680053711e+00 -1.189381957054138184e+00 2.585447072982788086e+00
2.053968906402587891e+00 -6.169289946556091309e-01 2.688190937042236328e+00
1.706356048583984375e+00 -1.128962993621826172e+00 2.587038993835449219e+00
1.703560948371887207e+00 -1.013682961463928223e+00 2.705375909805297852e+00
1.821197032928466797e+00 -1.092609047889709473e+00 2.506663084030151367e+00
1.972856998443603516e+00 -4.874469935894012451e-01 2.767723083496093750e+00
1.633273005485534668e+00 -9.958189725875854492e-01 2.682632923126220703e+00
1.809684991836547852e+00 -1.212882041931152344e+00 2.444005966186523438e+00
1.755267024040222168e+00 -9.434249997138977051e-01 2.678735017776489258e+00
1.963278055191040039e+00 -6.090980172157287598e-01 2.702219963073730469e+00
1.740213990211486816e+00 -9.284809827804565430e-01 2.726965904235839844e+00
1.993836998939514160e+00 -5.086640119552612305e-01 2.744281053543090820e+00
1.684870004653930664e+00 -1.104467988014221191e+00 2.640239000320434570e+00
1.773210048675537109e+00 -1.027979969978332520e+00 2.585369110107421875e+00
1.593472957611083984e+00 -1.066409945487976074e+00 2.635121107101440430e+00
1.899984002113342285e+00 -1.000157952308654785e+00 2.517997026443481445e+00
2.005120038986206055e+00 -7.733839750289916992e-01 2.607916116714477539e+00
1.759019970893859863e+00 -8.770200014114379883e-01 2.756433963775634766e+00
2.005120038986206055e+00 -7.733839750289916992e-01 2.607916116714477539e+00
1.648782014846801758e+00 -1.286913037300109863e+00 2.532857894897460938e+00
1.934244990348815918e+00 -7.672849893569946289e-01 2.628767967224121094e+00
1.819434046745300293e+00 -7.733380198478698730e-01 2.740458965301513672e+00
1.825131058692932129e+00 -7.555249929428100586e-01 2.749041080474853516e+00
1.759268045425415039e+00 -1.077121019363403320e+00 2.565041065216064453e+00
1.716220021247863770e+00 -9.333909749984741211e-01 2.762291908264160156e+00
1.875401973724365234e+00 -1.078233003616333008e+00 2.485419988632202148e+00
2.015906095504760742e+00 -8.077300190925598145e-01 2.589469909667968750e+00
1.624662995338439941e+00 -1.049239039421081543e+00 2.650460958480834961e+00
1.661659002304077148e+00 -1.032443046569824219e+00 2.674474000930786133e+00
1.857295036315917969e+00 -9.977380037307739258e-01 2.540200948715209961e+00
1.813184976577758789e+00 -1.092340946197509766e+00 2.511528968811035156e+00
1.822144031524658203e+00 -7.326520085334777832e-01 2.799176931381225586e+00
1.758504986763000488e+00 -1.279250979423522949e+00 2.435787916183471680e+00
1.866428971290588379e+00 -6.422520279884338379e-01 2.811244964599609375e+00
1.712620019912719727e+00 -1.127954959869384766e+00 2.579574108123779297e+00
1.792629957199096680e+00 -9.377650022506713867e-01 2.630659103393554688e+00
1.668290972709655762e+00 -1.084215998649597168e+00 2.649364948272705078e+00
1.726834058761596680e+00 -1.058526992797851562e+00 2.618084907531738281e+00
1.829514026641845703e+00 -7.142500281333923340e-01 2.829124927520751953e+00
1.771646976470947266e+00 -1.156097054481506348e+00 2.501373052597045898e+00
1.641677021980285645e+00 -1.077257990837097168e+00 2.642313003540039062e+00
1.757408022880554199e+00 -1.256088018417358398e+00 2.449803113937377930e+00
1.809684991836547852e+00 -1.212882041931152344e+00 2.444005966186523438e+00
1.702916979789733887e+00 -1.161213040351867676e+00 2.564960002899169922e+00
1.794816017150878906e+00 -1.026999950408935547e+00 2.566768884658813477e+00
1.737449049949645996e+00 -9.082289934158325195e-01 2.777736902236938477e+00
1.635293960571289062e+00 -1.157498955726623535e+00 2.596963882446289062e+00
1.770992994308471680e+00 -9.697629809379577637e-01 2.632894992828369141e+00
1.879109978675842285e+00 -6.167320013046264648e-01 2.811904907226562500e+00
1.891962051391601562e+00 -9.365739822387695312e-01 2.555123090744018555e+00
1.952875018119812012e+00 -8.012290000915527344e-01 2.604392051696777344e+00
1.774230003356933594e+00 -1.123038053512573242e+00 2.521105051040649414e+00
1.935127019882202148e+00 -5.107960104942321777e-01 2.803283929824829102e+00
1.773573994636535645e+00 -1.076432943344116211e+00 2.552751064300537109e+00
1.728811025619506836e+00 -1.256875991821289062e+00 2.472376108169555664e+00
1.940000057220458984e+00 -5.098569989204406738e-01 2.792292118072509766e+00
1.996162056922912598e+00 -6.679909825325012207e-01 2.662120103836059570e+00
1.865440964698791504e+00 -9.980019927024841309e-01 2.535259008407592773e+00
1.961158990859985352e+00 -8.366709947586059570e-01 2.582833051681518555e+00
1.810083031654357910e+00 -8.367009758949279785e-01 2.691009044647216797e+00
1.648094058036804199e+00 -1.095944046974182129e+00 2.634881973266601562e+00
1.752104043960571289e+00 -1.077478051185607910e+00 2.571187019348144531e+00
1.648782014846801758e+00 -1.286913037300109863e+00 2.532857894897460938e+00
1.661991000175476074e+00 -1.130818009376525879e+00 2.621789932250976562e+00
1.841742038726806641e+00 -1.185763955116271973e+00 2.440810918807983398e+00
1.761870980262756348e+00 -9.226610064506530762e-01 2.688813924789428711e+00
1.796357989311218262e+00 -1.257634997367858887e+00 2.426008939743041992e+00
1.951961994171142578e+00 -8.657379746437072754e-01 2.570719957351684570e+00
1.687544941902160645e+00 -1.281751036643981934e+00 2.492568969726562500e+00
1.763370990753173828e+00 -1.235615015029907227e+00 2.458116054534912109e+00
1.857295036315917969e+00 -9.977380037307739258e-01 2.540200948715209961e+00
1.793946027755737305e+00 -8.093699812889099121e-01 2.755858898162841797e+00
1.917054057121276855e+00 -5.824769735336303711e-01 2.759265899658203125e+00
1.706356048583984375e+00 -1.128962993621826172e+00 2.587038993835449219e+00
1.704820036888122559e+00 -9.516239762306213379e-01 2.743942975997924805e+00
1.835996985435485840e+00 -7.699180245399475098e-01 2.711838006973266602e+00
1.958093047142028809e+00 -7.217860221862792969e-01 2.644433975219726562e+00
1.794981956481933594e+00 -1.075464963912963867e+00 2.534318923950195312e+00
1.833026051521301270e+00 -8.011980056762695312e-01 2.689938068389892578e+00
1.780258059501647949e+00 -1.053063988685607910e+00 2.562371015548706055e+00
1.730576038360595703e+00 -1.005787014961242676e+00 2.658509969711303711e+00
1.901564955711364746e+00 -6.343150138854980469e-01 2.736972093582153320e+00
1.833930015563964844e+00 -9.656199812889099121e-01 2.572823047637939453e+00
1.709138989448547363e+00 -1.160192012786865234e+00 2.557559967041015625e+00
1.907539010047912598e+00 -7.987830042839050293e-01 2.625502109527587891e+00
1.826205015182495117e+00 -7.309020161628723145e-01 2.786994934082031250e+00
1.756486058235168457e+00 -9.240980148315429688e-01 2.698312044143676758e+00
1.772984981536865234e+00 -1.256677985191345215e+00 2.440304994583129883e+00
1.920323014259338379e+00 -5.333349704742431641e-01 2.818046092987060547e+00
1.692752957344055176e+00 -1.238767027854919434e+00 2.516577005386352539e+00
1.869127988815307617e+00 -7.005710005760192871e-01 2.725219011306762695e+00
2.030656099319458008e+00 -6.391170024871826172e-01 2.674360036849975586e+00
1.725105047225952148e+00 -1.125969052314758301e+00 2.564673900604248047e+00
1.824913978576660156e+00 -1.052247047424316406e+00 2.527776002883911133e+00
1.965559959411621094e+00 -6.658120155334472656e-01 2.671327114105224609e+00
1.670050024986267090e+00 -1.192654013633728027e+00 2.582531929016113281e+00
1.718721032142639160e+00 -9.810860157012939453e-01 2.711282014846801758e+00
1.891811013221740723e+00 -1.055843949317932129e+00 2.491502046585083008e+00
1.826560974121093750e+00 -8.019250035285949707e-01 2.697901010513305664e+00
1.794585943222045898e+00 -1.052422046661376953e+00 2.550029993057250977e+00
1.737449049949645996e+00 -9.082289934158325195e-01 2.777736902236938477e+00
1.953335046768188477e+00 -7.685710191726684570e-01 2.621439933776855469e+00
1.721861004829406738e+00 -1.257251977920532227e+00 2.478318929672241211e+00
1.854272007942199707e+00 -7.506250143051147461e-01 2.703558921813964844e+00
2.023258924484252930e+00 -7.570589780807495117e-01 2.615149021148681641e+00
1.972954034805297852e+00 -6.095719933509826660e-01 2.698385953903198242e+00
1.742799997329711914e+00 -1.003610014915466309e+00 2.642291069030761719e+00
1.696679949760437012e+00 -1.162245988845825195e+00 2.572369098663330078e+00
1.634904980659484863e+00 -1.092445015907287598e+00 2.631413936614990234e+00
1.605033993721008301e+00 -1.207134962081909180e+00 2.566039085388183594e+00
1.962689042091369629e+00 -5.812979936599731445e-01 2.718614101409912109e+00
1.742799997329711914e+00 -1.003610014915466309e+00 2.642291069030761719e+00
1.714151978492736816e+00 -1.060469985008239746e+00 2.633280038833618164e+00
1.911033034324645996e+00 -5.831810235977172852e-01 2.768379926681518555e+00
1.920323014259338379e+00 -5.333349704742431641e-01 2.818046092987060547e+00
2.027349948883056641e+00 -6.137899756431579590e-01 2.686793088912963867e+00
1.949435949325561523e+00 -4.752660095691680908e-01 2.842309951782226562e+00
1.930717945098876953e+00 -7.489809989929199219e-01 2.640619993209838867e+00
1.706761002540588379e+00 -1.237939000129699707e+00 2.504646062850952148e+00
1.993836998939514160e+00 -5.086640119552612305e-01 2.744281053543090820e+00
1.820925951004028320e+00 -9.360640048980712891e-01 2.604110002517700195e+00
1.781782031059265137e+00 -1.280192017555236816e+00 2.421560049057006836e+00
1.661988019943237305e+00 -1.220680952072143555e+00 2.570065021514892578e+00
1.896757006645202637e+00 -6.115289926528930664e-01 2.765501976013183594e+00
1.728611946105957031e+00 -1.185171961784362793e+00 2.520344018936157227e+00
1.786128044128417969e+00 -1.211951971054077148e+00 2.458394050598144531e+00
1.789860010147094727e+00 -8.112890124320983887e-01 2.767802953720092773e+00
1.819445013999938965e+00 -9.661870002746582031e-01 2.585352897644042969e+00
1.708045959472656250e+00 -1.061615943908691406e+00 2.641288042068481445e+00
1.820796012878417969e+00 -8.634179830551147461e-01 2.654750108718872070e+00
1.865188002586364746e+00 -9.145810008049011230e-01 2.583559989929199219e+00
1.680011034011840820e+00 -1.259709000587463379e+00 2.513972997665405273e+00
1.661365985870361328e+00 -1.099472999572753906e+00 2.638366937637329102e+00
1.675150990486145020e+00 -1.035802960395812988e+00 2.678138971328735352e+00
2.023258924484252930e+00 -7.570589780807495117e-01 2.615149021148681641e+00
2.028640985488891602e+00 -7.763800024986267090e-01 2.605829000473022461e+00
1.814018964767456055e+00 -7.745590209960937500e-01 2.750267982482910156e+00
1.778509020805358887e+00 -8.703479766845703125e-01 2.714205980300903320e+00
1.787853002548217773e+00 -1.075778961181640625e+00 2.540462970733642578e+00
1.750496983528137207e+00 -1.157124042510986328e+00 2.519536018371582031e+00
1.654942989349365234e+00 -1.080721974372863770e+00 2.645831108093261719e+00
1.801084041595458984e+00 -7.702320218086242676e-01 2.841208934783935547e+00
1.824830055236816406e+00 -7.721279859542846680e-01 2.730679988861083984e+00
1.702916979789733887e+00 -1.161213040351867676e+00 2.564960002899169922e+00
1.850816965103149414e+00 -9.353610277175903320e-01 2.580014944076538086e+00
1.809267997741699219e+00 -8.051249980926513672e-01 2.725147008895874023e+00
1.982856988906860352e+00 -8.691200017929077148e-01 2.562927007675170898e+00
1.783030033111572266e+00 -1.092509031295776367e+00 2.533610105514526367e+00
1.884400963783264160e+00 -7.664880156517028809e-01 2.660567998886108398e+00
1.746968030929565430e+00 -1.030976057052612305e+00 2.614166975021362305e+00
1.889592051506042480e+00 -7.485499978065490723e-01 2.667896986007690430e+00
1.982756972312927246e+00 -6.100879907608032227e-01 2.694699048995971680e+00
1.798447012901306152e+00 -8.076620101928710938e-01 2.744632959365844727e+00
1.961158990859985352e+00 -8.366709947586059570e-01 2.582833051681518555e+00
2.057364940643310547e+00 -6.749749779701232910e-01 2.659231901168823242e+00
1.919335007667541504e+00 -9.386929869651794434e-01 2.543642997741699219e+00
1.793979048728942871e+00 -1.212252974510192871e+00 2.453603982925415039e+00
1.702589035034179688e+00 -1.100525021553039551e+00 2.615516901016235352e+00
1.792629957199096680e+00 -9.377650022506713867e-01 2.630659103393554688e+00
1.985044002532958984e+00 -6.348940134048461914e-01 2.680831909179687500e+00
1.859042048454284668e+00 -9.355890154838562012e-01 2.575047969818115234e+00
1.864423036575317383e+00 -6.444919705390930176e-01 2.826687097549438477e+00
1.795107960700988770e+00 -8.665410280227661133e-01 2.686203002929687500e+00
1.734300971031188965e+00 -1.032842040061950684e+00 2.629406929016113281e+00
1.736421942710876465e+00 -1.004534959793090820e+00 2.649976015090942383e+00
1.835996985435485840e+00 -7.699180245399475098e-01 2.711838006973266602e+00
1.724159002304077148e+00 -9.795339703559875488e-01 2.701806068420410156e+00
1.937996029853820801e+00 -5.812929868698120117e-01 2.736238956451416016e+00
1.681722044944763184e+00 -1.087739944458007812e+00 2.652916908264160156e+00
1.869153022766113281e+00 -7.217289805412292480e-01 2.707711935043334961e+00
1.673616051673889160e+00 -1.282621026039123535e+00 2.504401922225952148e+00
1.841287016868591309e+00 -7.519950270652770996e-01 2.719650983810424805e+00
1.599434018135070801e+00 -1.084583044052124023e+00 2.627053022384643555e+00
1.648249983787536621e+00 -1.029111981391906738e+00 2.670828104019165039e+00
1.846431016921997070e+00 -6.794589757919311523e-01 2.836486101150512695e+00
1.929674029350280762e+00 -6.646000146865844727e-01 2.689940929412841797e+00
1.794816017150878906e+00 -1.026999950408935547e+00 2.566768884658813477e+00
2.030656099319458008e+00 -6.391170024871826172e-01 2.674360036849975586e+00
1.850816965103149414e+00 -9.353610277175903320e-01 2.580014944076538086e+00
1.904103994369506836e+00 -6.984050273895263672e-01 2.688386917114257812e+00
1.790142059326171875e+00 -1.092190980911254883e+00 2.527484893798828125e+00
1.801740050315856934e+00 -1.052114009857177734e+00 2.543860912322998047e+00
2.015906095504760742e+00 -8.077300190925598145e-01 2.589469909667968750e+00
1.908102035522460938e+00 -6.337469816207885742e-01 2.728780031204223633e+00
1.809185028076171875e+00 -1.026388049125671387e+00 2.554372072219848633e+00
1.812222957611083984e+00 -1.123147964477539062e+00 2.494311094284057617e+00
1.740355014801025391e+00 -9.749529957771301270e-01 2.673532962799072266e+00
2.014703989028930664e+00 -8.428710103034973145e-01 2.571886062622070312e+00
1.862009048461914062e+00 -7.672119736671447754e-01 2.680037975311279297e+00
1.858358979225158691e+00 -6.714540123939514160e-01 2.780852079391479492e+00
1.834846019744873047e+00 -8.875859975814819336e-01 2.624017000198364258e+00
1.750691056251525879e+00 -8.812130093574523926e-01 2.780222892761230469e+00
1.962900996208190918e+00 -7.692250013351440430e-01 2.617763042449951172e+00
1.841287016868591309e+00 -7.519950270652770996e-01 2.719650983810424805e+00
1.915367007255554199e+00 -6.095139980316162109e-01 2.739170074462890625e+00
1.673864006996154785e+00 -1.260794997215270996e+00 2.521199941635131836e+00
1.773210048675537109e+00 -1.027979969978332520e+00 2.585369110107421875e+00
1.687544941902160645e+00 -1.281751036643981934e+00 2.492568969726562500e+00
1.972856998443603516e+00 -4.874469935894012451e-01 2.767723083496093750e+00
1.714506983757019043e+00 -1.185951948165893555e+00 2.532392024993896484e+00
1.750691056251525879e+00 -8.812130093574523926e-01 2.780222892761230469e+00
1.749974012374877930e+00 -9.017689824104309082e-01 2.742259979248046875e+00
1.975239992141723633e+00 -5.081480145454406738e-01 2.753458976745605469e+00
1.745846033096313477e+00 -1.124428033828735352e+00 2.545471906661987305e+00
1.697314023971557617e+00 -1.064898014068603516e+00 2.659739017486572266e+00
1.773241043090820312e+00 -9.201620221138000488e-01 2.670883893966674805e+00
1.804932951927185059e+00 -9.667840003967285156e-01 2.597887039184570312e+00
1.937615990638732910e+00 -6.087419986724853516e-01 2.718283891677856445e+00
1.676306009292602539e+00 -1.191570043563842773e+00 2.575140953063964844e+00
1.917054057121276855e+00 -5.824769735336303711e-01 2.759265899658203125e+00
1.696679949760437012e+00 -1.162245988845825195e+00 2.572369098663330078e+00
1.734976053237915039e+00 -9.764680266380310059e-01 2.682931900024414062e+00
1.893239021301269531e+00 -5.880709886550903320e-01 2.814634084701538086e+00
2.003946065902709961e+00 -6.116049885749816895e-01 2.689362049102783203e+00
1.938853025436401367e+00 -6.330850124359130859e-01 2.702735900878906250e+00
1.842761039733886719e+00 -9.352260231971740723e-01 2.585211992263793945e+00
2.004848003387451172e+00 -8.064280152320861816e-01 2.591352939605712891e+00
1.601119995117187500e+00 -1.044330000877380371e+00 2.647767066955566406e+00
1.745180964469909668e+00 -1.077996015548706055e+00 2.577698945999145508e+00
1.842054963111877441e+00 -1.158092021942138672e+00 2.456599950790405273e+00
2.053968906402587891e+00 -6.169289946556091309e-01 2.688190937042236328e+00
1.847784042358398438e+00 -7.513049840927124023e-01 2.711595058441162109e+00
1.972576022148132324e+00 -7.699239850044250488e-01 2.614202022552490234e+00
1.721493959426879883e+00 -1.097535014152526855e+00 2.592941999435424805e+00
1.781252026557922363e+00 -8.927199840545654297e-01 2.682950019836425781e+00
1.953335046768188477e+00 -7.685710191726684570e-01 2.621439933776855469e+00
1.869153022766113281e+00 -7.217289805412292480e-01 2.707711935043334961e+00
2.035785913467407227e+00 -7.587910294532775879e-01 2.615006923675537109e+00
1.773098945617675781e+00 -8.717160224914550781e-01 2.723834037780761719e+00
1.802106022834777832e+00 -1.075158953666687012e+00 2.528176069259643555e+00
1.803182959556579590e+00 -7.674819827079772949e-01 2.825639009475708008e+00
1.983214974403381348e+00 -8.040090203285217285e-01 2.595590114593505859e+00
1.720237970352172852e+00 -9.555960297584533691e-01 2.750221014022827148e+00
1.850558996200561523e+00 -6.747379899024963379e-01 2.805666923522949219e+00
1.902567982673645020e+00 -1.080934047698974609e+00 2.474534034729003906e+00
1.654942989349365234e+00 -1.080721974372863770e+00 2.645831108093261719e+00
1.699620962142944336e+00 -9.288769960403442383e-01 2.754070997238159180e+00
1.720739960670471191e+00 -1.237149953842163086e+00 2.492716073989868164e+00
1.930717945098876953e+00 -7.489809989929199219e-01 2.640619993209838867e+00
2.046401023864746094e+00 -5.334910154342651367e-01 2.729120016098022461e+00
1.931254982948303223e+00 -5.120130181312561035e-01 2.815800905227661133e+00
1.937615990638732910e+00 -6.087419986724853516e-01 2.718283891677856445e+00
1.619325041770935059e+00 -1.235331058502197266e+00 2.554485082626342773e+00
1.919335007667541504e+00 -9.386929869651794434e-01 2.543642997741699219e+00
1.809267997741699219e+00 -8.051249980926513672e-01 2.725147008895874023e+00
1.760705947875976562e+00 -9.420170187950134277e-01 2.669440031051635742e+00
1.699759960174560547e+00 -1.238348007202148438e+00 2.510611057281494141e+00
1.804252028465270996e+00 -1.122874975204467773e+00 2.499155998229980469e+00
1.802106022834777832e+00 -1.075158953666687012e+00 2.528176069259643555e+00
1.847085952758789062e+00 -6.828669905662536621e-01 2.856297016143798828e+00
1.896574974060058594e+00 -6.986209750175476074e-01 2.694952011108398438e+00
1.634904980659484863e+00 -1.092445015907287598e+00 2.631413936614990234e+00
1.826691031455993652e+00 -9.659000039100646973e-01 2.579087972640991211e+00
1.752951979637145996e+00 -1.124066948890686035e+00 2.539380073547363281e+00
1.826190948486328125e+00 -1.157449960708618164e+00 2.466299057006835938e+00
1.714151978492736816e+00 -1.060469985008239746e+00 2.633280038833618164e+00
1.873785972595214844e+00 -6.389899849891662598e-01 2.785715103149414062e+00
1.856755971908569336e+00 -1.027299046516418457e+00 2.523454904556274414e+00
1.673616051673889160e+00 -1.282621026039123535e+00 2.504401922225952148e+00
1.917054057121276855e+00 -5.824769735336303711e-01 2.759265899658203125e+00
1.716071009635925293e+00 -1.036242008209228516e+00 2.653697967529296875e+00
1.774481058120727539e+00 -9.991260170936584473e-01 2.604023933410644531e+00
1.967728018760681152e+00 -7.223989963531494141e-01 2.640755891799926758e+00
1.637366056442260742e+00 -1.185953974723815918e+00 2.582943916320800781e+00
1.699620962142944336e+00 -9.288769960403442383e-01 2.754070997238159180e+00
1.862666964530944824e+00 -6.699900031089782715e-01 2.769185066223144531e+00
1.684870004653930664e+00 -1.104467988014221191e+00 2.640239000320434570e+00
1.842182040214538574e+00 -8.873109817504882812e-01 2.617661952972412109e+00
1.731611967086791992e+00 -1.125175952911376953e+00 2.557657003402709961e+00
1.862655997276306152e+00 -7.223790287971496582e-01 2.715781927108764648e+00
1.818261027336120605e+00 -1.157142043113708496e+00 2.471138000488281250e+00
1.991273999214172363e+00 -5.824880003929138184e-01 2.706274986267089844e+00
1.907315015792846680e+00 -9.162049889564514160e-01 2.559679031372070312e+00
1.975280046463012695e+00 -6.663759946823120117e-01 2.667644977569580078e+00
1.750691056251525879e+00 -8.812130093574523926e-01 2.780222892761230469e+00
1.661991000175476074e+00 -1.130818009376525879e+00 2.621789932250976562e+00
1.830535054206848145e+00 -7.543389797210693359e-01 2.739217042922973633e+00
1.824830055236816406e+00 -7.721279859542846680e-01 2.730679988861083984e+00
1.947492003440856934e+00 -6.332460045814514160e-01 2.697563886642456055e+00
1.850322008132934570e+00 -7.239760160446166992e-01 2.732995986938476562e+00
1.863301038742065430e+00 -6.470659971237182617e-01 2.843606948852539062e+00
1.858330011367797852e+00 -9.662430286407470703e-01 2.557771921157836914e+00
1.966848015785217285e+00 -5.081269741058349609e-01 2.759293079376220703e+00
1.739459991455078125e+00 -1.056622982025146484e+00 2.602931022644042969e+00
1.619979023933410645e+00 -9.926350116729736328e-01 2.678953886032104492e+00
1.795997023582458496e+00 -9.980300068855285645e-01 2.585025072097778320e+00
1.975280046463012695e+00 -6.663759946823120117e-01 2.667644977569580078e+00
1.864930987358093262e+00 -8.869029879570007324e-01 2.599689006805419922e+00
1.930343985557556152e+00 -5.814769864082336426e-01 2.742935895919799805e+00
1.774481058120727539e+00 -9.991260170936584473e-01 2.604023933410644531e+00
1.855422973632812500e+00 -7.678340077400207520e-01 2.687820911407470703e+00
1.862009048461914062e+00 -7.672119736671447754e-01 2.680037975311279297e+00
1.911033034324645996e+00 -5.831810235977172852e-01 2.768379926681518555e+00
1.770758986473083496e+00 -1.183050990104675293e+00 2.484200000762939453e+00
1.733649969100952148e+00 -9.493529796600341797e-01 2.716680049896240234e+00
1.651162981986999512e+00 -1.055981993675231934e+00 2.657582044601440430e+00
1.945641994476318359e+00 -5.811150074005126953e-01 2.729543924331665039e+00
1.775892019271850586e+00 -8.940989971160888672e-01 2.692462921142578125e+00
1.667446017265319824e+00 -1.242624044418334961e+00 2.544712066650390625e+00
1.773517012596130371e+00 -9.402890205383300781e-01 2.653894901275634766e+00
1.777341008186340332e+00 -9.688990116119384766e-01 2.625200033187866211e+00
1.966848015785217285e+00 -5.081269741058349609e-01 2.759293079376220703e+00
1.875401973724365234e+00 -1.078233003616333008e+00 2.485419988632202148e+00
1.714506983757019043e+00 -1.185951948165893555e+00 2.532392024993896484e+00
1.812222957611083984e+00 -1.123147964477539062e+00 2.494311094284057617e+00
1.769412040710449219e+00 -8.485829830169677734e-01 2.772718906402587891e+00
1.857295036315917969e+00 -9.977380037307739258e-01 2.540200948715209961e+00
1.750496983528137207e+00 -1.157124042510986328e+00 2.519536018371582031e+00
1.715348005294799805e+00 -1.159180045127868652e+00 2.550168991088867188e+00
1.805179953575134277e+00 -9.160339832305908203e-01 2.631980895996093750e+00
2.007189989089965820e+00 -6.689940094947814941e-01 2.660074949264526367e+00
1.773241043090820312e+00 -9.201620221138000488e-01 2.670883893966674805e+00
1.978669047355651855e+00 -7.521569728851318359e-01 2.622277021408081055e+00
1.930343985557556152e+00 -5.814769864082336426e-01 2.742935895919799805e+00
1.706591010093688965e+00 -1.214079022407531738e+00 2.520699977874755859e+00
1.899927973747253418e+00 -1.030189990997314453e+00 2.502192020416259766e+00
1.787853002548217773e+00 -1.075778961181640625e+00 2.540462970733642578e+00
1.889961004257202148e+00 -9.152950048446655273e-01 2.568583011627197266e+00
1.807978987693786621e+00 -8.649629950523376465e-01 2.670454025268554688e+00
2.040121078491210938e+00 -6.152009963989257812e-01 2.686825990676879883e+00
1.706761002540588379e+00 -1.237939000129699707e+00 2.504646062850952148e+00
1.856933951377868652e+00 -9.143580198287963867e-01 2.588541984558105469e+00
1.900907993316650391e+00 -1.056728005409240723e+00 2.487867116928100586e+00
1.713754057884216309e+00 -1.237540006637573242e+00 2.498681068420410156e+00
1.706356048583984375e+00 -1.128962993621826172e+00 2.587038993835449219e+00
1.849151015281677246e+00 -9.974820017814636230e-01 2.545136928558349609e+00
1.882763028144836426e+00 -7.207000255584716797e-01 2.692543983459472656e+00
1.854365944862365723e+00 -6.730520129203796387e-01 2.793075084686279297e+00
1.721493959426879883e+00 -1.097535014152526855e+00 2.592941999435424805e+00
1.937996029853820801e+00 -5.812929868698120117e-01 2.736238956451416016e+00
1.901564955711364746e+00 -6.343150138854980469e-01 2.736972093582153320e+00
1.651211977005004883e+00 -1.218454003334045410e+00 2.570368051528930664e+00
2.027349948883056641e+00 -6.137899756431579590e-01 2.686793088912963867e+00
1.813184976577758789e+00 -1.092340946197509766e+00 2.511528968811035156e+00
1.834121942520141602e+00 -1.157765984535217285e+00 2.461452007293701172e+00
1.977393984794616699e+00 -7.230250239372253418e-01 2.637092113494873047e+00
1.755625963211059570e+00 -1.211459040641784668e+00 2.478751897811889648e+00
1.708385944366455078e+00 -1.280519008636474609e+00 2.474818944931030273e+00
1.872974038124084473e+00 -1.027863979339599609e+00 2.513592004776000977e+00
1.818055987358093262e+00 -1.184769034385681152e+00 2.455312013626098633e+00
1.816534996032714844e+00 -8.359389901161193848e-01 2.683090925216674805e+00
1.687912940979003906e+00 -1.009209990501403809e+00 2.698542118072509766e+00
1.822144031524658203e+00 -7.326520085334777832e-01 2.799176931381225586e+00
1.680011034011840820e+00 -1.259709000587463379e+00 2.513972997665405273e+00
1.924389958381652832e+00 -7.992179989814758301e-01 2.615374088287353516e+00
1.931203961372375488e+00 -5.566869974136352539e-01 2.761818885803222656e+00
1.938853025436401367e+00 -6.330850124359130859e-01 2.702735900878906250e+00
1.604954004287719727e+00 -1.068768024444580078e+00 2.636118888854980469e+00
1.951681971549987793e+00 -8.359519839286804199e-01 2.586512088775634766e+00
1.848860979080200195e+00 -9.142299890518188477e-01 2.593769073486328125e+00
1.958093047142028809e+00 -7.217860221862792969e-01 2.644433975219726562e+00
1.918493986129760742e+00 -5.351979732513427734e-01 2.833688974380493164e+00
1.858358979225158691e+00 -6.714540123939514160e-01 2.780852079391479492e+00
1.835919976234436035e+00 -7.531620264053344727e-01 2.729420900344848633e+00
1.786057949066162109e+00 -9.184849858283996582e-01 2.655291080474853516e+00
1.766263008117675781e+00 -1.279554963111877441e+00 2.431051969528198242e+00
1.734029054641723633e+00 -1.095592975616455078e+00 2.577939987182617188e+00
1.875498056411743164e+00 -9.360669851303100586e-01 2.565097093582153320e+00
1.955855965614318848e+00 -6.652539968490600586e-01 2.675002098083496094e+00
1.827502012252807617e+00 -8.878669738769531250e-01 2.630372047424316406e+00
2.027436017990112305e+00 -5.108950138092041016e-01 2.738081932067871094e+00
1.646649956703186035e+00 -9.990310072898864746e-01 2.686331033706665039e+00
1.975239992141723633e+00 -5.081480145454406738e-01 2.753458976745605469e+00
1.993836998939514160e+00 -5.086640119552612305e-01 2.744281053543090820e+00
1.947492003440856934e+00 -6.332460045814514160e-01 2.697563886642456055e+00
1.718721032142639160e+00 -9.810860157012939453e-01 2.711282014846801758e+00
1.994017004966735840e+00 -8.052129745483398438e-01 2.593476057052612305e+00
1.915367007255554199e+00 -6.334310173988342285e-01 2.721654891967773438e+00
1.989529013633728027e+00 -7.532770037651062012e-01 2.620196104049682617e+00
1.818055987358093262e+00 -1.184769034385681152e+00 2.455312013626098633e+00
1.898707985877990723e+00 -6.651690006256103516e-01 2.715346097946166992e+00
1.773542046546936035e+00 -8.465669751167297363e-01 2.760795116424560547e+00
1.716220021247863770e+00 -9.333909749984741211e-01 2.762291908264160156e+00
1.900043964385986328e+00 -7.663379907608032227e-01 2.648637056350708008e+00
1.954602956771850586e+00 -6.089370250701904297e-01 2.707413911819458008e+00
1.984776973724365234e+00 -7.013769745826721191e-01 2.646936893463134766e+00
1.745180964469909668e+00 -1.077996015548706055e+00 2.577698945999145508e+00
1.794585943222045898e+00 -1.052422046661376953e+00 2.550029993057250977e+00
1.781523942947387695e+00 -9.986760020256042480e-01 2.597491025924682617e+00
1.835919976234436035e+00 -7.531620264053344727e-01 2.729420900344848633e+00
1.731884956359863281e+00 -9.328709840774536133e-01 2.750356912612915039e+00
1.809185028076171875e+00 -1.026388049125671387e+00 2.554372072219848633e+00
1.882143020629882812e+00 -6.993119716644287109e-01 2.709017992019653320e+00
1.812222957611083984e+00 -1.123147964477539062e+00 2.494311094284057617e+00
1.674718022346496582e+00 -1.103031039237976074e+00 2.641868114471435547e+00
1.958917975425720215e+00 -7.506629824638366699e-01 2.628931999206542969e+00
2.007189989089965820e+00 -6.689940094947814941e-01 2.660074949264526367e+00
1.814018964767456055e+00 -7.745590209960937500e-01 2.750267982482910156e+00
1.940307974815368652e+00 -4.919739961624145508e-01 2.828999996185302734e+00
1.667446017265319824e+00 -1.242624044418334961e+00 2.544712066650390625e+00
1.781252026557922363e+00 -8.927199840545654297e-01 2.682950019836425781e+00
1.702916979789733887e+00 -1.161213040351867676e+00 2.564960002899169922e+00
1.673864006996154785e+00 -1.260794997215270996e+00 2.521199941635131836e+00
1.593472957611083984e+00 -1.066409945487976074e+00 2.635121107101440430e+00
1.693989992141723633e+00 -1.258851051330566406e+00 2.502089023590087891e+00
1.616328954696655273e+00 -1.209802031517028809e+00 2.566845893859863281e+00
1.714151978492736816e+00 -1.060469985008239746e+00 2.633280038833618164e+00
1.780717015266418457e+00 -1.076102018356323242e+00 2.546607017517089844e+00
2.015263080596923828e+00 -5.099059939384460449e-01 2.738877058029174805e+00
1.865188002586364746e+00 -9.145810008049011230e-01 2.583559989929199219e+00
1.794481039047241211e+00 -1.156273961067199707e+00 2.485620975494384766e+00
1.930556058883666992e+00 -6.330400109291076660e-01 2.708379983901977539e+00
1.810083031654357910e+00 -8.367009758949279785e-01 2.691009044647216797e+00
1.859042048454284668e+00 -9.355890154838562012e-01 2.575047969818115234e+00
1.972856998443603516e+00 -4.874469935894012451e-01 2.767723083496093750e+00
1.681722044944763184e+00 -1.087739944458007812e+00 2.652916908264160156e+00
1.746968030929565430e+00 -1.030976057052612305e+00 2.614166975021362305e+00
1.803182959556579590e+00 -7.674819827079772949e-01 2.825639009475708008e+00
1.953979015350341797e+00 -5.811489820480346680e-01 2.723822116851806641e+00
1.919571995735168457e+00 -5.378969907760620117e-01 2.853781938552856445e+00
1.890275955200195312e+00 -7.204710245132446289e-01 2.686002016067504883e+00
1.951961994171142578e+00 -8.657379746437072754e-01 2.570719957351684570e+00
1.893239021301269531e+00 -5.880709886550903320e-01 2.814634084701538086e+00
1.970098018646240234e+00 -5.559719800949096680e-01 2.728877067565917969e+00
1.737449049949645996e+00 -9.082289934158325195e-01 2.777736902236938477e+00
1.693788051605224609e+00 -1.131011009216308594e+00 2.601996898651123047e+00
1.975280046463012695e+00 -6.663759946823120117e-01 2.667644977569580078e+00
1.700968980789184570e+00 -1.258437037467956543e+00 2.496145963668823242e+00
1.680644989013671875e+00 -1.217401027679443359e+00 2.548058032989501953e+00
1.776849985122680664e+00 -8.207629919052124023e-01 2.821764945983886719e+00
1.728611946105957031e+00 -1.185171961784362793e+00 2.520344018936157227e+00
1.875637054443359375e+00 -7.210850119590759277e-01 2.699652910232543945e+00
1.975280046463012695e+00 -6.663759946823120117e-01 2.667644977569580078e+00
1.962399005889892578e+00 -8.019149899482727051e-01 2.600713968276977539e+00
1.951681971549987793e+00 -8.359519839286804199e-01 2.586512088775634766e+00
1.779145956039428711e+00 -8.179090023040771484e-01 2.806602001190185547e+00
1.703560948371887207e+00 -1.013682961463928223e+00 2.705375909805297852e+00
1.727767944335937500e+00 -1.096559047698974609e+00 2.585436105728149414e+00
1.939414024353027344e+00 -5.293049812316894531e-01 2.773559093475341797e+00
1.932772040367126465e+00 -8.345379829406738281e-01 2.593842983245849609e+00
1.928061962127685547e+00 -5.307949781417846680e-01 2.793049097061157227e+00
1.793089032173156738e+00 -8.401809930801391602e-01 2.718535900115966797e+00
1.806911945343017578e+00 -8.894829750061035156e-01 2.651616096496582031e+00
1.911033034324645996e+00 -5.831810235977172852e-01 2.768379926681518555e+00
1.707939982414245605e+00 -1.258031964302062988e+00 2.490204095840454102e+00
1.974529981613159180e+00 -7.005770206451416016e-01 2.649883985519409180e+00
1.789860010147094727e+00 -8.112890124320983887e-01 2.767802953720092773e+00
1.674440026283264160e+00 -1.218482971191406250e+00 2.555383920669555664e+00
1.706591010093688965e+00 -1.214079022407531738e+00 2.520699977874755859e+00
1.816660046577453613e+00 -7.407730221748352051e-01 2.846756935119628906e+00
1.757554054260253906e+00 -1.156772971153259277e+00 2.513482093811035156e+00
1.915367007255554199e+00 -6.334310173988342285e-01 2.721654891967773438e+00
1.982756972312927246e+00 -6.100879907608032227e-01 2.694699048995971680e+00
1.817774057388305664e+00 -7.377439737319946289e-01 2.829648971557617188e+00
1.806336045265197754e+00 -9.366610050201416016e-01 2.616713047027587891e+00
1.958917975425720215e+00 -7.506629824638366699e-01 2.628931999206542969e+00
1.721562981605529785e+00 -1.185557007789611816e+00 2.526367902755737305e+00
1.712620019912719727e+00 -1.127954959869384766e+00 2.579574108123779297e+00
2.008517026901245117e+00 -5.300319790840148926e-01 2.729707956314086914e+00
1.924389958381652832e+00 -7.992179989814758301e-01 2.615374088287353516e+00
1.905282020568847656e+00 -7.200329899787902832e-01 2.672921895980834961e+00
1.736075043678283691e+00 -1.279014945030212402e+00 2.451148033142089844e+00
1.696259975433349609e+00 -1.101541996002197266e+00 2.623061895370483398e+00
1.782261013984680176e+00 -8.428310155868530273e-01 2.737907886505126953e+00
1.862009048461914062e+00 -7.672119736671447754e-01 2.680037975311279297e+00
1.947492003440856934e+00 -6.332460045814514160e-01 2.697563886642456055e+00
2.023258924484252930e+00 -7.570589780807495117e-01 2.615149021148681641e+00
1.872974038124084473e+00 -1.027863979339599609e+00 2.513592004776000977e+00
1.898707985877990723e+00 -6.651690006256103516e-01 2.715346097946166992e+00
1.908102035522460938e+00 -6.337469816207885742e-01 2.728780031204223633e+00
2.003946065902709961e+00 -6.116049885749816895e-01 2.689362049102783203e+00
1.875401973724365234e+00 -1.078233003616333008e+00 2.485419988632202148e+00
1.759719014167785645e+00 -8.561080098152160645e-01 2.813340902328491211e+00
1.983214974403381348e+00 -8.040090203285217285e-01 2.595590114593505859e+00
1.961158990859985352e+00 -8.366709947586059570e-01 2.582833051681518555e+00
1.648146986961364746e+00 -1.161041021347045898e+00 2.599951028823852539e+00
1.836145043373107910e+00 -1.124022960662841797e+00 2.479741096496582031e+00
1.913843989372253418e+00 -6.647499799728393555e-01 2.702137947082519531e+00
1.909862995147705078e+00 -5.602409839630126953e-01 2.802695035934448242e+00
1.667708992958068848e+00 -1.261896967887878418e+00 2.528445005416870117e+00
1.857295036315917969e+00 -9.977380037307739258e-01 2.540200948715209961e+00
1.859042048454284668e+00 -9.355890154838562012e-01 2.575047969818115234e+00
1.858358979225158691e+00 -6.714540123939514160e-01 2.780852079391479492e+00
1.781523942947387695e+00 -9.986760020256042480e-01 2.597491025924682617e+00
1.995764017105102539e+00 -6.357359886169433594e-01 2.678380966186523438e+00
1.911033034324645996e+00 -5.831810235977172852e-01 2.768379926681518555e+00
1.938269972801208496e+00 -6.647689938545227051e-01 2.684789896011352539e+00
1.769412040710449219e+00 -8.485829830169677734e-01 2.772718906402587891e+00
1.849151015281677246e+00 -9.974820017814636230e-01 2.545136928558349609e+00
1.614552021026611328e+00 -1.180685997009277344e+00 2.581255912780761719e+00
1.699558019638061523e+00 -1.214491009712219238e+00 2.526693105697631836e+00
1.900791049003601074e+00 -9.371320009231567383e-01 2.550925016403198242e+00
1.661247014999389648e+00 -1.243734002113342285e+00 2.552006959915161133e+00
1.706591010093688965e+00 -1.214079022407531738e+00 2.520699977874755859e+00
1.985044002532958984e+00 -6.348940134048461914e-01 2.680831909179687500e+00
1.848502993583679199e+00 -6.770880222320556641e-01 2.821023941040039062e+00
1.916617035865783691e+00 -9.169669747352600098e-01 2.556037902832031250e+00
1.881739974021911621e+00 -9.985550045967102051e-01 2.525356054306030273e+00
1.906324028968811035e+00 -5.616919994354248047e-01 2.815713882446289062e+00
1.802407026290893555e+00 -1.156555056571960449e+00 2.480799913406372070e+00
2.048367977142333984e+00 -7.605379819869995117e-01 2.614861011505126953e+00
1.846508026123046875e+00 -7.045360207557678223e-01 2.763118028640747070e+00
1.796283006668090820e+00 -1.122609019279479980e+00 2.503993988037109375e+00
1.905267953872680664e+00 -7.483999729156494141e-01 2.655919075012207031e+00
1.813294053077697754e+00 -8.886950016021728516e-01 2.643811941146850586e+00
1.953263998031616211e+00 -5.285360217094421387e-01 2.757796049118041992e+00
1.726834058761596680e+00 -1.058526992797851562e+00 2.618084907531738281e+00
1.773517012596130371e+00 -9.402890205383300781e-01 2.653894901275634766e+00
1.673632025718688965e+00 -1.241523981094360352e+00 2.537425041198730469e+00
1.865440964698791504e+00 -9.980019927024841309e-01 2.535259008407592773e+00
1.987663030624389648e+00 -5.288739800453186035e-01 2.735783100128173828e+00
1.614552021026611328e+00 -1.180685997009277344e+00 2.581255912780761719e+00
1.846431016921997070e+00 -6.794589757919311523e-01 2.836486101150512695e+00
1.779003977775573730e+00 -1.236196994781494141e+00 2.448587894439697266e+00
1.740275979042053223e+00 -1.094637036323547363e+00 2.570453882217407227e+00
1.699759960174560547e+00 -1.238348007202148438e+00 2.510611057281494141e+00
1.920323014259338379e+00 -5.333349704742431641e-01 2.818046092987060547e+00
1.862009048461914062e+00 -7.672119736671447754e-01 2.680037975311279297e+00
1.795107960700988770e+00 -8.665410280227661133e-01 2.686203002929687500e+00
1.727718949317932129e+00 -1.236770033836364746e+00 2.486749887466430664e+00
1.898223042488098145e+00 -9.155480265617370605e-01 2.563579082489013672e+00
1.953979015350341797e+00 -5.811489820480346680e-01 2.723822116851806641e+00
1.940307974815368652e+00 -4.919739961624145508e-01 2.828999996185302734e+00
2.004848003387451172e+00 -8.064280152320861816e-01 2.591352939605712891e+00
1.883563041687011719e+00 -6.366260051727294922e-01 2.764101982116699219e+00
1.648146986961364746e+00 -1.161041021347045898e+00 2.599951028823852539e+00
1.654945015907287598e+00 -1.285773038864135742e+00 2.525634050369262695e+00
1.773573994636535645e+00 -1.076432943344116211e+00 2.552751064300537109e+00
1.933871030807495117e+00 -7.998809814453125000e-01 2.611721992492675781e+00
1.700968980789184570e+00 -1.258437037467956543e+00 2.496145963668823242e+00
