1.351448059082031250e+00 -5.742989778518676758e-01 3.024483919143676758e+00
1.490152955055236816e+00 -9.996680021286010742e-01 2.659682989120483398e+00
1.432652950286865234e+00 -4.159690141677856445e-01 3.009133100509643555e+00
1.308938980102539062e+00 -7.297090291976928711e-01 2.905791997909545898e+00
1.548122048377990723e+00 -9.476500153541564941e-01 2.686619997024536133e+00
1.213824987411499023e+00 -9.029960036277770996e-01 2.902538061141967773e+00
1.290840983390808105e+00 -7.788040041923522949e-01 2.888849020004272461e+00
1.553128004074096680e+00 -3.610039949417114258e-01 3.001415014266967773e+00
1.413123965263366699e+00 -7.703210115432739258e-01 2.792469024658203125e+00
1.527222990989685059e+00 -8.661379814147949219e-01 2.725847005844116211e+00
1.525403022766113281e+00 -5.915210247039794922e-01 2.862690925598144531e+00
1.507763981819152832e+00 -3.567110002040863037e-01 2.979487895965576172e+00
1.587067008018493652e+00 -5.004220008850097656e-01 2.935611009597778320e+00
1.169970989227294922e+00 -9.901279807090759277e-01 2.895313024520874023e+00
1.487743020057678223e+00 -7.743089795112609863e-01 2.771841049194335938e+00
1.284291982650756836e+00 -7.801219820976257324e-01 2.897622108459472656e+00
1.219493985176086426e+00 -9.007210135459899902e-01 2.891562938690185547e+00
1.587067008018493652e+00 -5.004220008850097656e-01 2.935611009597778320e+00
1.568727970123291016e+00 -8.471649885177612305e-01 2.741461038589477539e+00
1.436447024345397949e+00 -5.871469974517822266e-01 2.881570100784301758e+00
1.366669058799743652e+00 -5.460150241851806641e-01 3.009676933288574219e+00
1.582700014114379883e+00 -9.538789987564086914e-01 2.690068960189819336e+00
1.342074036598205566e+00 -9.025859832763671875e-01 2.754393100738525391e+00
1.235394954681396484e+00 -8.260970115661621094e-01 2.954118967056274414e+00
1.489457011222839355e+00 -8.080049753189086914e-01 2.755059957504272461e+00
1.495620012283325195e+00 -3.211080133914947510e-01 3.000273942947387695e+00
1.463760972023010254e+00 -1.021752953529357910e+00 2.649936914443969727e+00
1.421054005622863770e+00 -5.105569958686828613e-01 2.938962936401367188e+00
1.479321002960205078e+00 -4.356249868869781494e-01 2.945297002792358398e+00
1.445520043373107910e+00 -4.703730046749114990e-01 2.944114923477172852e+00
1.556715011596679688e+00 -4.179050028324127197e-01 2.964401006698608398e+00
1.308938980102539062e+00 -7.297090291976928711e-01 2.905791997909545898e+00
1.282997012138366699e+00 -8.113570213317871094e-01 2.871293067932128906e+00
1.457591056823730469e+00 -4.532650113105773926e-01 2.946207046508789062e+00
1.364125013351440430e+00 -6.960970163345336914e-01 2.865195989608764648e+00
1.343356013298034668e+00 -7.247179746627807617e-01 2.865987062454223633e+00
1.535678029060363770e+00 -4.736999869346618652e-01 2.924340009689331055e+00
1.255017042160034180e+00 -9.953119754791259766e-01 2.763797998428344727e+00
1.499027013778686523e+00 -4.361979961395263672e-01 2.940177917480468750e+00
1.255017042160034180e+00 -9.953119754791259766e-01 2.763797998428344727e+00
1.490931034088134766e+00 -4.707460105419158936e-01 2.924299001693725586e+00
1.310675978660583496e+00 -8.071299791336059570e-01 2.840728044509887695e+00
1.533197999000549316e+00 -6.472110152244567871e-01 2.835968971252441406e+00
1.374861001968383789e+00 -9.023609757423400879e-01 2.737318038940429688e+00
1.256430983543395996e+00 -7.656059861183166504e-01 3.004420042037963867e+00
1.376270055770874023e+00 -6.744650006294250488e-01 2.868385076522827148e+00
1.227385997772216797e+00 -8.532559871673583984e-01 2.934966087341308594e+00
1.269925951957702637e+00 -8.140959739685058594e-01 2.888698101043701172e+00
1.538849949836730957e+00 -7.482270002365112305e-01 2.785873889923095703e+00
1.532856941223144531e+00 -3.992449939250946045e-01 2.962240934371948242e+00
1.502717971801757812e+00 -8.381580114364624023e-01 2.739955902099609375e+00
1.468930006027221680e+00 -3.431569933891296387e-01 3.014743089675903320e+00
1.504019975662231445e+00 -9.113540053367614746e-01 2.703522920608520508e+00
1.296131014823913574e+00 -8.087610006332397461e-01 2.854338884353637695e+00
1.403277039527893066e+00 -5.878580212593078613e-01 2.902196884155273438e+00
1.407683014869689941e+00 -6.412090063095092773e-01 2.867053031921386719e+00
1.292618989944458008e+00 -7.094240188598632812e-01 2.964553117752075195e+00
1.269809007644653320e+00 -8.405079841613769531e-01 2.864948034286499023e+00
1.485355973243713379e+00 -5.370140075683593750e-01 2.891778945922851562e+00
1.471451997756958008e+00 -3.566479980945587158e-01 2.996932983398437500e+00
1.475695013999938965e+00 -7.419459819793701172e-01 2.789645910263061523e+00
1.454610943794250488e+00 -1.020944952964782715e+00 2.652240037918090820e+00
1.202394008636474609e+00 -9.075989723205566406e-01 2.924640893936157227e+00
1.539440035820007324e+00 -3.811019957065582275e-01 2.974961996078491211e+00
1.500473022460937500e+00 -6.442040205001831055e-01 2.836486101150512695e+00
1.529713034629821777e+00 -7.787079811096191406e-01 2.769334077835083008e+00
1.375532031059265137e+00 -5.423619747161865234e-01 2.981295108795166016e+00
1.566825032234191895e+00 -5.442230105400085449e-01 2.898168087005615234e+00
1.299003005027770996e+00 -8.595209717750549316e-01 2.815428972244262695e+00
1.567167043685913086e+00 -6.202870011329650879e-01 2.857466936111450195e+00
1.250524997711181641e+00 -7.920770049095153809e-01 2.965140104293823242e+00
1.547150969505310059e+00 -6.820780038833618164e-01 2.820970058441162109e+00
1.427767992019653320e+00 -5.871549844741821289e-01 2.885926008224487305e+00
1.271522045135498047e+00 -8.885779976844787598e-01 2.822726011276245117e+00
1.416592001914978027e+00 -8.315770030021667480e-01 2.757904052734375000e+00
1.611688971519470215e+00 -5.053690075874328613e-01 2.959781885147094727e+00
1.250167012214660645e+00 -8.447859883308410645e-01 2.890958070755004883e+00
1.479187011718750000e+00 -8.069390058517456055e-01 2.755898952484130859e+00
1.421805024147033691e+00 -7.704650163650512695e-01 2.788717031478881836e+00
1.415040016174316406e+00 -9.922940135002136230e-01 2.674983024597167969e+00
1.339779973030090332e+00 -7.720299959182739258e-01 2.836069107055664062e+00
1.537719011306762695e+00 -8.674259781837463379e-01 2.725274085998535156e+00
1.500875949859619141e+00 -2.974790036678314209e-01 3.010817050933837891e+00
1.437597036361694336e+00 -4.706879854202270508e-01 2.950438022613525391e+00
1.502346038818359375e+00 -3.785539865493774414e-01 2.968781948089599609e+00
1.338706970214843750e+00 -8.826739788055419922e-01 2.768656969070434570e+00
1.532811045646667480e+00 -3.583709895610809326e-01 2.984168052673339844e+00
1.594323992729187012e+00 -9.559879899024963379e-01 2.691221952438354492e+00
1.441100955009460449e+00 -4.903239905834197998e-01 2.935115098953247070e+00
1.376268982887268066e+00 -6.427389979362487793e-01 2.890702962875366211e+00
1.449044942855834961e+00 -6.108109951019287109e-01 2.863454103469848633e+00
1.281461954116821289e+00 -9.069949984550476074e-01 2.799575090408325195e+00
1.530269026756286621e+00 -8.937780261039733887e-01 2.712069988250732422e+00
1.471580982208251953e+00 -4.702079892158508301e-01 2.929887056350708008e+00
1.400102019309997559e+00 -5.380219817161560059e-01 2.940762042999267578e+00
1.401975989341735840e+00 -5.618519783020019531e-01 2.921960115432739258e+00
1.261216998100280762e+00 -9.671810269355773926e-01 2.777451038360595703e+00
1.367861986160278320e+00 -5.915369987487792969e-01 2.941319942474365234e+00
1.502346038818359375e+00 -3.785539865493774414e-01 2.968781948089599609e+00
1.296131014823913574e+00 -8.087610006332397461e-01 2.854338884353637695e+00
1.295773983001708984e+00 -9.052119851112365723e-01 2.786308050155639648e+00
1.297368049621582031e+00 -7.774980068206787109e-01 2.880103111267089844e+00
1.417551994323730469e+00 -4.414519965648651123e-01 3.024280071258544922e+00
1.398121953010559082e+00 -6.113039851188659668e-01 2.891535997390747070e+00
1.317816019058227539e+00 -7.443799972534179688e-01 2.878995895385742188e+00
1.459789991378784180e+00 -8.859570026397705078e-01 2.719759941101074219e+00
1.508671998977661133e+00 -7.764899730682373047e-01 2.770596981048583984e+00
1.368906021118164062e+00 -6.433789730072021484e-01 2.897723913192749023e+00
1.192057013511657715e+00 -9.132109880447387695e-01 2.949969053268432617e+00
1.463760972023010254e+00 -1.021752953529357910e+00 2.649936914443969727e+00
1.264003038406372070e+00 -8.647210001945495605e-01 2.851845979690551758e+00
1.411007046699523926e+00 -8.560749888420104980e-01 2.747030973434448242e+00
1.527469992637634277e+00 -2.991360127925872803e-01 3.018428087234497070e+00
1.233652949333190918e+00 -9.983000159263610840e-01 2.783370971679687500e+00
1.295773983001708984e+00 -9.052119851112365723e-01 2.786308050155639648e+00
1.282117962837219238e+00 -9.353049993515014648e-01 2.778832912445068359e+00
1.388494014739990234e+00 -5.890240073204040527e-01 2.916380882263183594e+00
1.269925951957702637e+00 -8.140959739685058594e-01 2.888698101043701172e+00
1.453464031219482422e+00 -8.337029814720153809e-01 2.747618913650512695e+00
1.260753035545349121e+00 -7.627419829368591309e-01 2.989392042160034180e+00
1.400097966194152832e+00 -5.126410126686096191e-01 2.963749885559082031e+00
1.260753035545349121e+00 -7.627419829368591309e-01 2.989392042160034180e+00
1.332530021667480469e+00 -7.727890014648437500e-01 2.842890977859497070e+00
1.483103036880493164e+00 -5.884839892387390137e-01 2.866091012954711914e+00
1.256737947463989258e+00 -8.433480262756347656e-01 2.882262945175170898e+00
1.291468024253845215e+00 -6.946349740028381348e-01 3.011362075805664062e+00
1.569097042083740234e+00 -9.209820032119750977e-01 2.704135894775390625e+00
1.479321002960205078e+00 -4.356249868869781494e-01 2.945297002792358398e+00
1.527878046035766602e+00 -4.149380028247833252e-01 2.952619075775146484e+00
1.492349028587341309e+00 -8.369809985160827637e-01 2.740619897842407227e+00
1.427235007286071777e+00 -1.018576025962829590e+00 2.659106016159057617e+00
1.487805008888244629e+00 -3.562420010566711426e-01 2.984597921371459961e+00
1.411512970924377441e+00 -4.923900067806243896e-01 2.964729070663452148e+00
1.555675983428955078e+00 -4.960680007934570312e-01 2.919503927230834961e+00
1.518316030502319336e+00 -9.744349718093872070e-01 2.672024965286254883e+00
1.528411984443664551e+00 -4.559360146522521973e-01 2.931951999664306641e+00
1.454610943794250488e+00 -1.020944952964782715e+00 2.652240037918090820e+00
1.339779973030090332e+00 -7.720299959182739258e-01 2.836069107055664062e+00
1.476335048675537109e+00 -4.903010129928588867e-01 2.917380094528198242e+00
1.574323058128356934e+00 -7.531700134277343750e-01 2.790147066116333008e+00
1.340247035026550293e+00 -6.782029867172241211e-01 2.904819965362548828e+00
1.413123965263366699e+00 -7.703210115432739258e-01 2.792469024658203125e+00
1.402639985084533691e+00 -7.391399741172790527e-01 2.813752889633178711e+00
1.270483016967773438e+00 -8.632839918136596680e-01 2.843287944793701172e+00
1.449378967285156250e+00 -4.901320040225982666e-01 2.929608106613159180e+00
1.450806021690368652e+00 -8.050600290298461914e-01 2.762722969055175781e+00
1.480059027671813965e+00 -9.982749819755554199e-01 2.660453081130981445e+00
1.303871035575866699e+00 -7.762020230293273926e-01 2.871382951736450195e+00
1.169970989227294922e+00 -9.901279807090759277e-01 2.895313024520874023e+00
1.485798954963684082e+00 -9.391450285911560059e-01 2.689832925796508789e+00
1.240790009498596191e+00 -9.972940087318420410e-01 2.776837110519409180e+00
1.379114985466003418e+00 -7.701990008354187012e-01 2.808866977691650391e+00
1.457631945610046387e+00 -6.957259774208068848e-01 2.816868066787719727e+00
1.414355039596557617e+00 -8.033459782600402832e-01 2.774104118347167969e+00
1.527544975280761719e+00 -7.468109726905822754e-01 2.785222053527832031e+00
1.521476030349731445e+00 -5.640940070152282715e-01 2.876188993453979492e+00
1.381777048110961914e+00 -7.222909927368164062e-01 2.835875988006591797e+00
1.404443025588989258e+00 -7.701830267906188965e-01 2.796216964721679688e+00
1.338706970214843750e+00 -8.826739788055419922e-01 2.768656969070434570e+00
1.509932041168212891e+00 -4.367890059947967529e-01 2.939625024795532227e+00
1.479599952697753906e+00 -5.614119768142700195e-01 2.880572080612182617e+00
1.589689970016479492e+00 -5.995519757270812988e-01 2.877913951873779297e+00
1.374861001968383789e+00 -9.023609757423400879e-01 2.737318038940429688e+00
1.374415040016174316e+00 -5.905439853668212891e-01 2.932250022888183594e+00
1.220374941825866699e+00 -9.185600280761718750e-01 2.869451045989990234e+00
1.343356013298034668e+00 -7.247179746627807617e-01 2.865987062454223633e+00
1.311311006546020508e+00 -7.456219792366027832e-01 2.887767076492309570e+00
1.433316946029663086e+00 -9.937980175018310547e-01 2.670439004898071289e+00
1.508690953254699707e+00 -2.623910009860992432e-01 3.026494979858398438e+00
1.424469947814941406e+00 -6.409929990768432617e-01 2.857544898986816406e+00
1.454547047615051270e+00 -3.974960148334503174e-01 2.985224008560180664e+00
1.479181051254272461e+00 -3.563340008258819580e-01 2.989847898483276367e+00
1.481688976287841797e+00 -5.101810097694396973e-01 2.906172037124633789e+00
1.492349028587341309e+00 -8.369809985160827637e-01 2.740619897842407227e+00
1.340142011642456055e+00 -8.043050169944763184e-01 2.814822912216186523e+00
1.497923016548156738e+00 -9.716789722442626953e-01 2.673551082611083984e+00
1.530269026756286621e+00 -8.937780261039733887e-01 2.712069988250732422e+00
1.328608036041259766e+00 -7.002310156822204590e-01 2.902573108673095703e+00
1.540714025497436523e+00 -7.028189897537231445e-01 2.809233903884887695e+00
1.499258041381835938e+00 -8.899719715118408203e-01 2.714199066162109375e+00
1.345181941986083984e+00 -5.972650051116943359e-01 2.986248016357421875e+00
1.496199011802673340e+00 -4.910539984703063965e-01 2.912889003753662109e+00
1.496762037277221680e+00 -2.832919955253601074e-01 3.025383949279785156e+00
1.385957002639770508e+00 -7.393069863319396973e-01 2.822802066802978516e+00
1.208454966545104980e+00 -9.226909875869750977e-01 2.889697074890136719e+00
1.257498979568481445e+00 -8.661699891090393066e-01 2.860429048538208008e+00
1.470018982887268066e+00 -9.969109892845153809e-01 2.661264896392822266e+00
1.363927960395812988e+00 -8.033469915390014648e-01 2.799242973327636719e+00
1.431951045989990234e+00 -8.038449883460998535e-01 2.767241001129150391e+00
1.270792961120605469e+00 -7.434489727020263672e-01 2.987998008728027344e+00
1.454326033592224121e+00 -5.873590111732482910e-01 2.873889923095703125e+00
1.465819001197814941e+00 -3.445650041103363037e-01 3.031543970108032227e+00
1.562535047531127930e+00 -5.167379975318908691e-01 2.911185979843139648e+00
1.506420969963073730e+00 -7.446879744529724121e-01 2.786439895629882812e+00
1.497303962707519531e+00 -3.563619852066040039e-01 2.981101036071777344e+00
1.462054967880249023e+00 -3.970920145511627197e-01 2.977792978286743164e+00
1.449269056320190430e+00 -4.534440040588378906e-01 2.951750993728637695e+00
1.281461954116821289e+00 -9.069949984550476074e-01 2.799575090408325195e+00
1.524629950523376465e+00 -9.139490127563476562e-01 2.702075004577636719e+00
1.513599038124084473e+00 -1.028579950332641602e+00 2.645117998123168945e+00
1.256430983543395996e+00 -7.656059861183166504e-01 3.004420042037963867e+00
1.400102019309997559e+00 -5.380219817161560059e-01 2.940762042999267578e+00
1.497099995613098145e+00 -6.983349919319152832e-01 2.809576034545898438e+00
1.509567022323608398e+00 -8.912299871444702148e-01 2.713495016098022461e+00
1.552572965621948242e+00 -7.043589949607849121e-01 2.810719013214111328e+00
1.260799050331115723e+00 -7.873380184173583984e-01 2.939850091934204102e+00
1.552780985832214355e+00 -7.819259762763977051e-01 2.771464109420776367e+00
1.457631945610046387e+00 -6.957259774208068848e-01 2.816868066787719727e+00
1.240790009498596191e+00 -9.972940087318420410e-01 2.776837110519409180e+00
1.213039994239807129e+00 -8.619670271873474121e-01 2.976026058197021484e+00
1.515720963478088379e+00 -4.140509963035583496e-01 2.950895071029663086e+00
1.297204971313476562e+00 -8.359500169754028320e-01 2.833970069885253906e+00
1.600664973258972168e+00 -7.576860189437866211e-01 2.797272920608520508e+00
1.517948985099792480e+00 -4.924190044403076172e-01 2.911881923675537109e+00
1.495620012283325195e+00 -3.211080133914947510e-01 3.000273942947387695e+00
1.426960945129394531e+00 -9.041320085525512695e-01 2.717314004898071289e+00
1.393553972244262695e+00 -5.389220118522644043e-01 2.949898004531860352e+00
1.368906021118164062e+00 -6.433789730072021484e-01 2.897723913192749023e+00
1.244421005249023438e+00 -8.691020011901855469e-01 2.877671003341674805e+00
1.208124995231628418e+00 -9.052879810333251953e-01 2.913563013076782227e+00
1.460721969604492188e+00 -7.235239744186401367e-01 2.802103042602539062e+00
1.395187973976135254e+00 -9.625499844551086426e-01 2.696196079254150391e+00
1.279528975486755371e+00 -7.381049990653991699e-01 2.958857059478759766e+00
1.492349028587341309e+00 -8.369809985160827637e-01 2.740619897842407227e+00
1.594658017158508301e+00 -6.243129968643188477e-01 2.866447925567626953e+00
1.535277009010314941e+00 -6.805899739265441895e-01 2.819456100463867188e+00
1.326156020164489746e+00 -8.327209949493408203e-01 2.807229042053222656e+00
1.501173019409179688e+00 -4.711939990520477295e-01 2.922570943832397461e+00
1.411435008049011230e+00 -5.876129865646362305e-01 2.896744012832641602e+00
1.266438007354736328e+00 -7.853400111198425293e-01 2.928584098815917969e+00
1.504681944847106934e+00 -4.134649932384490967e-01 2.951271057128906250e+00
1.284158945083618164e+00 -7.146800160408020020e-01 2.994319915771484375e+00
1.538849949836730957e+00 -7.482270002365112305e-01 2.785873889923095703e+00
1.393885016441345215e+00 -8.557519912719726562e-01 2.754451036453247070e+00
1.451159954071044922e+00 -7.229729890823364258e-01 2.804361104965209961e+00
1.256737947463989258e+00 -8.433480262756347656e-01 2.882262945175170898e+00
1.500473022460937500e+00 -6.442040205001831055e-01 2.836486101150512695e+00
1.482007026672363281e+00 -8.358139991760253906e-01 2.741278886795043945e+00
1.523933053016662598e+00 -6.793259978294372559e-01 2.818830013275146484e+00
1.557976961135864258e+00 -3.834579885005950928e-01 2.988667011260986328e+00
1.277717947959899902e+00 -7.814490199089050293e-01 2.906420946121215820e+00
1.506118059158325195e+00 -5.382099747657775879e-01 2.889185905456542969e+00
1.518309950828552246e+00 -7.003139853477478027e-01 2.808429956436157227e+00
1.315179944038391113e+00 -6.834369897842407227e-01 2.943317890167236328e+00
1.580714941024780273e+00 -9.230080246925354004e-01 2.705328941345214844e+00
1.495620012283325195e+00 -3.211080133914947510e-01 3.000273942947387695e+00
1.431095004081726074e+00 -4.208559989929199219e-01 3.053174018859863281e+00
1.361528992652893066e+00 -6.440259814262390137e-01 2.904757022857666016e+00
1.354352951049804688e+00 -8.820030093193054199e-01 2.758434057235717773e+00
1.308019042015075684e+00 -6.615779995918273926e-01 3.024739980697631836e+00
1.458067059516906738e+00 -6.109750270843505859e-01 2.859841108322143555e+00
1.380970954895019531e+00 -5.640950202941894531e-01 2.946237087249755859e+00
1.445384979248046875e+00 -5.872510075569152832e-01 2.877732038497924805e+00
1.368669986724853516e+00 -5.663689970970153809e-01 2.966423034667968750e+00
1.443968057632446289e+00 -4.140160083770751953e-01 2.986352920532226562e+00
1.542011022567749023e+00 -4.945110082626342773e-01 2.915008068084716797e+00
1.183015942573547363e+00 -9.200350046157836914e-01 2.979202985763549805e+00
1.263285994529724121e+00 -8.419219851493835449e-01 2.873591899871826172e+00
1.387788057327270508e+00 -6.949939727783203125e-01 2.848212957382202148e+00
1.581436991691589355e+00 -5.462530255317687988e-01 2.904226064682006836e+00
1.527469992637634277e+00 -2.991360127925872803e-01 3.018428087234497070e+00
1.565937042236328125e+00 -8.177459836006164551e-01 2.755831003189086914e+00
1.320716977119445801e+00 -6.817160248756408691e-01 2.931936979293823242e+00
1.266507983207702637e+00 -7.462369799613952637e-01 3.003037929534912109e+00
1.344504952430725098e+00 -8.561909794807434082e-01 2.780647993087768555e+00
1.231660008430480957e+00 -8.968960046768188477e-01 2.871906995773315430e+00
1.451642990112304688e+00 -9.953370094299316406e-01 2.665865898132324219e+00
1.303411960601806641e+00 -8.079419732093811035e-01 2.847527980804443359e+00
1.479181051254272461e+00 -3.563340008258819580e-01 2.989847898483276367e+00
1.487805008888244629e+00 -3.562420010566711426e-01 2.984597921371459961e+00
1.157942056655883789e+00 -9.737070202827453613e-01 2.968128919601440430e+00
1.467895030975341797e+00 -9.678689837455749512e-01 2.676460981369018555e+00
1.508692979812622070e+00 -3.975929915904998779e-01 2.959139108657836914e+00
1.516968011856079102e+00 -7.457450032234191895e-01 2.785832881927490234e+00
1.404932975769042969e+00 -4.932219982147216797e-01 2.973987102508544922e+00
1.502038002014160156e+00 -5.111500024795532227e-01 2.902683019638061523e+00
1.541051030158996582e+00 -7.802230119705200195e-01 2.770087003707885742e+00
1.286041975021362305e+00 -7.512660026550292969e-01 2.925355911254882812e+00
1.459789991378784180e+00 -8.859570026397705078e-01 2.719759941101074219e+00
1.361286044120788574e+00 -5.925379991531372070e-01 2.950418949127197266e+00
1.456820011138916016e+00 -5.361629724502563477e-01 2.900496959686279297e+00
1.508692979812622070e+00 -3.975929915904998779e-01 2.959139108657836914e+00
1.399577021598815918e+00 -6.414600014686584473e-01 2.872407913208007812e+00
1.449044942855834961e+00 -6.108109951019287109e-01 2.863454103469848633e+00
1.411007046699523926e+00 -8.560749888420104980e-01 2.747030973434448242e+00
1.521476030349731445e+00 -5.640940070152282715e-01 2.876188993453979492e+00
1.496114015579223633e+00 -8.624579906463623047e-01 2.727914094924926758e+00
1.577561974525451660e+00 -5.187950134277343750e-01 2.918029069900512695e+00
1.487197995185852051e+00 -3.212440013885498047e-01 3.006051063537597656e+00
1.431673049926757812e+00 -4.374240040779113770e-01 2.983854055404663086e+00
1.436447024345397949e+00 -5.871469974517822266e-01 2.881570100784301758e+00
1.497303962707519531e+00 -3.563619852066040039e-01 2.981101036071777344e+00
1.264003038406372070e+00 -8.647210001945495605e-01 2.851845979690551758e+00
1.402444958686828613e+00 -8.559100031852722168e-01 2.750744104385375977e+00
1.320716977119445801e+00 -6.817160248756408691e-01 2.931936979293823242e+00
1.495901942253112793e+00 -7.436389923095703125e-01 2.787040948867797852e+00
1.470018982887268066e+00 -9.969109892845153809e-01 2.661264896392822266e+00
1.472298979759216309e+00 -8.350009918212890625e-01 2.743065118789672852e+00
1.241842031478881836e+00 -7.980049848556518555e-01 2.994877099990844727e+00
1.327157974243164062e+00 -6.804879903793334961e-01 2.922665119171142578e+00
1.445384979248046875e+00 -5.872510075569152832e-01 2.877732038497924805e+00
1.584313988685607910e+00 -9.855679869651794434e-01 2.674324989318847656e+00
1.263355970382690430e+00 -8.154820203781127930e-01 2.897439002990722656e+00
1.483518958091735840e+00 -9.088019728660583496e-01 2.704948902130126953e+00
1.422528982162475586e+00 -8.832589983940124512e-01 2.728837013244628906e+00
1.517948985099792480e+00 -4.924190044403076172e-01 2.911881923675537109e+00
1.389786958694458008e+00 -7.220119833946228027e-01 2.830602884292602539e+00
1.391845941543579102e+00 -9.026849865913391113e-01 2.729954957962036133e+00
1.332172989845275879e+00 -7.427160143852233887e-01 2.864578008651733398e+00
1.314699053764343262e+00 -6.558200120925903320e-01 2.990540981292724609e+00
1.412562012672424316e+00 -6.945319771766662598e-01 2.833656072616577148e+00
1.464130043983459473e+00 -9.069150090217590332e-01 2.708213090896606445e+00
1.513373017311096191e+00 -3.790749907493591309e-01 2.968317985534667969e+00
1.511154055595397949e+00 -6.451150178909301758e-01 2.835951089859008789e+00
1.495996952056884766e+00 -9.404600262641906738e-01 2.689100980758666992e+00
1.484905004501342773e+00 -4.534850120544433594e-01 2.934315919876098633e+00
1.395764946937561035e+00 -7.700510025024414062e-01 2.799959897994995117e+00
1.363170981407165527e+00 -5.678070187568664551e-01 2.978082895278930664e+00
1.496199011802673340e+00 -4.910539984703063965e-01 2.912889003753662109e+00
1.587352037429809570e+00 -9.030860066413879395e-01 2.716689109802246094e+00
1.533910989761352539e+00 -1.031527996063232422e+00 2.643496990203857422e+00
1.520753979682922363e+00 -8.114370107650756836e-01 2.753114938735961914e+00
1.514515042304992676e+00 -5.906450152397155762e-01 2.863029956817626953e+00
1.338706970214843750e+00 -8.826739788055419922e-01 2.768656969070434570e+00
1.470327019691467285e+00 -6.422730088233947754e-01 2.841402053833007812e+00
1.422991991043090820e+00 -8.035029768943786621e-01 2.770364999771118164e+00
1.529713034629821777e+00 -7.787079811096191406e-01 2.769334077835083008e+00
1.519178986549377441e+00 -7.775939702987670898e-01 2.769968032836914062e+00
1.427266001701354980e+00 -4.549619853496551514e-01 2.974668979644775391e+00
1.237846016883850098e+00 -8.705859780311584473e-01 2.886329889297485352e+00
1.500473022460937500e+00 -7.264549732208251953e-01 2.795557022094726562e+00
1.542528986930847168e+00 -8.141790032386779785e-01 2.753165960311889648e+00
1.395830988883972168e+00 -6.947240233421325684e-01 2.842911958694458008e+00
1.449445009231567383e+00 -9.663500189781188965e-01 2.681050062179565430e+00
1.507763981819152832e+00 -3.567110002040863037e-01 2.979487895965576172e+00
1.454818964004516602e+00 -9.062070250511169434e-01 2.710499048233032227e+00
1.363201975822448730e+00 -7.707949876785278320e-01 2.819315910339355469e+00
1.208572983741760254e+00 -8.651990294456481934e-01 2.990840911865234375e+00
1.445029973983764648e+00 -5.096549987792968750e-01 2.920818090438842773e+00
1.445472955703735352e+00 -1.020146012306213379e+00 2.654536008834838867e+00
1.472273945808410645e+00 -6.752079725265502930e-01 2.824264049530029297e+00
1.208124995231628418e+00 -9.052879810333251953e-01 2.913563013076782227e+00
1.221868038177490234e+00 -8.555949926376342773e-01 2.946707010269165039e+00
1.556715011596679688e+00 -4.179050028324127197e-01 2.964401006698608398e+00
1.309378981590270996e+00 -7.040410041809082031e-01 2.930335998535156250e+00
1.518316030502319336e+00 -9.744349718093872070e-01 2.672024965286254883e+00
1.460330963134765625e+00 -5.606949925422668457e-01 2.885756015777587891e+00
1.414414048194885254e+00 -6.108180284500122070e-01 2.880760908126831055e+00
1.547186017036437988e+00 -4.398359954357147217e-01 2.946254014968872070e+00
1.282117962837219238e+00 -9.353049993515014648e-01 2.778832912445068359e+00
1.256737947463989258e+00 -8.433480262756347656e-01 2.882262945175170898e+00
1.342149972915649414e+00 -6.981800198554992676e-01 2.886029958724975586e+00
1.187554001808166504e+00 -9.166070222854614258e-01 2.964534997940063477e+00
1.523506045341491699e+00 -4.726629853248596191e-01 2.922542095184326172e+00
1.488976001739501953e+00 -8.887249827384948730e-01 2.714898109436035156e+00
1.213565945625305176e+00 -9.476630091667175293e-01 2.853442907333374023e+00
1.533295989036560059e+00 -5.652559995651245117e-01 2.877505064010620117e+00
1.557976961135864258e+00 -3.834579885005950928e-01 2.988667011260986328e+00
1.479599952697753906e+00 -5.614119768142700195e-01 2.880572080612182617e+00
1.487805008888244629e+00 -3.562420010566711426e-01 2.984597921371459961e+00
1.257727980613708496e+00 -8.908839821815490723e-01 2.837690114974975586e+00
1.548905014991760254e+00 -4.750550091266632080e-01 2.928041934967041016e+00
1.318864941596984863e+00 -8.334680199623107910e-01 2.813736915588378906e+00
1.476865053176879883e+00 -6.967970132827758789e-01 2.812345981597900391e+00
1.520753979682922363e+00 -8.114370107650756836e-01 2.753114938735961914e+00
1.503743052482604980e+00 -5.898090004920959473e-01 2.863528013229370117e+00
1.381777048110961914e+00 -7.222909927368164062e-01 2.835875988006591797e+00
1.530269026756286621e+00 -8.937780261039733887e-01 2.712069988250732422e+00
1.450456023216247559e+00 -8.852699995040893555e-01 2.722038984298706055e+00
1.549286961555480957e+00 -8.693090081214904785e-01 2.726530075073242188e+00
1.559599995613098145e+00 -9.497100114822387695e-01 2.687768936157226562e+00
1.282117962837219238e+00 -9.353049993515014648e-01 2.778832912445068359e+00
1.400102019309997559e+00 -5.380219817161560059e-01 2.940762042999267578e+00
1.238211989402770996e+00 -8.953750133514404297e-01 2.863313913345336914e+00
1.475497007369995117e+00 -5.366029739379882812e-01 2.894026994705200195e+00
1.528553962707519531e+00 -9.758300185203552246e-01 2.671252965927124023e+00
1.542011022567749023e+00 -4.945110082626342773e-01 2.915008068084716797e+00
1.158385992050170898e+00 -9.951969981193542480e-01 2.917176961898803711e+00
1.514515042304992676e+00 -5.906450152397155762e-01 2.863029956817626953e+00
1.181038975715637207e+00 -9.355999827384948730e-01 2.948271036148071289e+00
1.496762037277221680e+00 -2.832919955253601074e-01 3.025383949279785156e+00
1.293122053146362305e+00 -8.859159946441650391e-01 2.802683115005493164e+00
1.274822950363159180e+00 -7.550860047340393066e-01 2.947973966598510742e+00
1.420815944671630859e+00 -4.557729959487915039e-01 2.984270095825195312e+00
1.419569969177246094e+00 -8.562470078468322754e-01 2.743314981460571289e+00
1.457591056823730469e+00 -4.532650113105773926e-01 2.946207046508789062e+00
1.350654006004333496e+00 -7.239999771118164062e-01 2.859086990356445312e+00
1.417551994323730469e+00 -4.414519965648651123e-01 3.024280071258544922e+00
1.459789991378784180e+00 -8.859570026397705078e-01 2.719759941101074219e+00
1.528957009315490723e+00 -7.013159990310668945e-01 2.807849884033203125e+00
1.447968959808349609e+00 -3.981649875640869141e-01 2.994627952575683594e+00
1.500272035598754883e+00 -1.001072049140930176e+00 2.658906936645507812e+00
1.171928048133850098e+00 -9.425929784774780273e-01 2.977427959442138672e+00
1.267835021018981934e+00 -9.371539950370788574e-01 2.792023897171020508e+00
1.302374005317687988e+00 -7.309460043907165527e-01 2.914659976959228516e+00
1.449213981628417969e+00 -7.716559767723083496e-01 2.780026912689208984e+00
1.266507983207702637e+00 -7.462369799613952637e-01 3.003037929534912109e+00
1.178441047668457031e+00 -9.234960079193115234e-01 2.993976116180419922e+00
1.508671998977661133e+00 -7.764899730682373047e-01 2.770596981048583984e+00
1.202394008636474609e+00 -9.075989723205566406e-01 2.924640893936157227e+00
1.375777006149291992e+00 -6.130300164222717285e-01 2.912269115447998047e+00
1.191297054290771484e+00 -9.297440052032470703e-01 2.922683000564575195e+00
1.266507983207702637e+00 -7.462369799613952637e-01 3.003037929534912109e+00
1.489429950714111328e+00 -5.618450045585632324e-01 2.878318071365356445e+00
1.162549972534179688e+00 -9.700869917869567871e-01 2.953603029251098633e+00
1.237846016883850098e+00 -8.705859780311584473e-01 2.886329889297485352e+00
1.594323992729187012e+00 -9.559879899024963379e-01 2.691221952438354492e+00
1.470165967941284180e+00 -4.355469942092895508e-01 2.949213027954101562e+00
1.303411960601806641e+00 -8.079419732093811035e-01 2.847527980804443359e+00
1.379745006561279297e+00 -5.184659957885742188e-01 3.014291048049926758e+00
1.533295989036560059e+00 -5.652559995651245117e-01 2.877505064010620117e+00
1.527222990989685059e+00 -8.661379814147949219e-01 2.725847005844116211e+00
1.338706970214843750e+00 -8.826739788055419922e-01 2.768656969070434570e+00
1.491593956947326660e+00 -5.105739831924438477e-01 2.903923034667968750e+00
1.450456023216247559e+00 -8.852699995040893555e-01 2.722038984298706055e+00
1.540714025497436523e+00 -7.028189897537231445e-01 2.809233903884887695e+00
1.267835021018981934e+00 -9.371539950370788574e-01 2.792023897171020508e+00
1.451352000236511230e+00 -5.605909824371337891e-01 2.889611959457397461e+00
1.431043982505798340e+00 -9.648650288581848145e-01 2.685611009597778320e+00
1.442474007606506348e+00 -9.945629835128784180e-01 2.668155908584594727e+00
1.485800027847290039e+00 -8.612520098686218262e-01 2.728593111038208008e+00
1.474949955940246582e+00 -3.424459993839263916e-01 3.004055023193359375e+00
1.219493985176086426e+00 -9.007210135459899902e-01 2.891562938690185547e+00
1.274281978607177734e+00 -9.078990221023559570e-01 2.806222915649414062e+00
1.364223957061767578e+00 -5.486850142478942871e-01 3.028522014617919922e+00
1.275043964385986328e+00 -7.406870126724243164e-01 2.973066091537475586e+00
1.602573990821838379e+00 -5.746009945869445801e-01 2.901238918304443359e+00
1.588788986206054688e+00 -7.873759865760803223e-01 2.776518106460571289e+00
1.442474007606506348e+00 -9.945629835128784180e-01 2.668155908584594727e+00
1.192057013511657715e+00 -9.132109880447387695e-01 2.949969053268432617e+00
1.507763981819152832e+00 -3.567110002040863037e-01 2.979487895965576172e+00
1.480031013488769531e+00 -6.427680253982543945e-01 2.839143037796020508e+00
1.368903040885925293e+00 -6.751009821891784668e-01 2.875231981277465820e+00
1.527544975280761719e+00 -7.468109726905822754e-01 2.785222053527832031e+00
1.447059035301208496e+00 -7.402390241622924805e-01 2.796436071395874023e+00
1.508690953254699707e+00 -2.623910009860992432e-01 3.026494979858398438e+00
1.288372993469238281e+00 -7.120209932327270508e-01 2.979309082031250000e+00
1.587105035781860352e+00 -7.552509903907775879e-01 2.793083906173706055e+00
1.564039945602416992e+00 -8.991209864616394043e-01 2.714245080947875977e+00
1.511329054832458496e+00 -3.425019979476928711e-01 2.986531972885131836e+00
1.387521028518676758e+00 -5.631489753723144531e-01 2.937127113342285156e+00
1.338127970695495605e+00 -6.201069951057434082e-01 2.970588922500610352e+00
1.454326033592224121e+00 -5.873590111732482910e-01 2.873889923095703125e+00
1.267835021018981934e+00 -9.371539950370788574e-01 2.792023897171020508e+00
1.360213994979858398e+00 -8.555369973182678223e-01 2.770370960235595703e+00
1.548905014991760254e+00 -4.750550091266632080e-01 2.928041934967041016e+00
1.592260003089904785e+00 -8.509190082550048828e-01 2.744054079055786133e+00
1.549286961555480957e+00 -8.693090081214904785e-01 2.726530075073242188e+00
1.445472955703735352e+00 -1.020146012306213379e+00 2.654536008834838867e+00
1.445384979248046875e+00 -5.872510075569152832e-01 2.877732038497924805e+00
1.371680021286010742e+00 -6.955500245094299316e-01 2.858819007873535156e+00
1.338127970695495605e+00 -6.201069951057434082e-01 2.970588922500610352e+00
1.371680021286010742e+00 -6.955500245094299316e-01 2.858819007873535156e+00
1.417305946350097656e+00 -5.609539747238159180e-01 2.908792018890380859e+00
1.451159954071044922e+00 -7.229729890823364258e-01 2.804361104965209961e+00
1.400102019309997559e+00 -5.380219817161560059e-01 2.940762042999267578e+00
1.336640000343322754e+00 -8.565279841423034668e-01 2.785788059234619141e+00
1.324861049652099609e+00 -7.434639930725097656e-01 2.871473073959350586e+00
1.196113944053649902e+00 -8.916530013084411621e-01 2.985903024673461914e+00
1.431673049926757812e+00 -4.374240040779113770e-01 2.983854055404663086e+00
1.351448059082031250e+00 -5.742989778518676758e-01 3.024483919143676758e+00
1.288372993469238281e+00 -7.120209932327270508e-01 2.979309082031250000e+00
1.510293960571289062e+00 -8.102830052375793457e-01 2.753768920898437500e+00
1.176501989364624023e+00 -9.390799999237060547e-01 2.962799072265625000e+00
1.448035001754760742e+00 -6.952000260353088379e-01 2.819118976593017578e+00
1.502038002014160156e+00 -5.111500024795532227e-01 2.902683019638061523e+00
1.270483016967773438e+00 -8.632839918136596680e-01 2.843287944793701172e+00
1.557528018951416016e+00 -9.189730286598205566e-01 2.702944993972778320e+00
1.238751053810119629e+00 -8.489279747009277344e-01 2.912659883499145508e+00
1.225132942199707031e+00 -8.984659910202026367e-01 2.880640029907226562e+00
1.445520043373107910e+00 -4.703730046749114990e-01 2.944114923477172852e+00
1.493756055831909180e+00 -9.100729823112487793e-01 2.704238891601562500e+00
1.438186049461364746e+00 -8.574960231781005859e-01 2.738689899444580078e+00
1.408115983009338379e+00 -4.604690074920654297e-01 3.027878999710083008e+00
1.274822950363159180e+00 -7.550860047340393066e-01 2.947973966598510742e+00
1.214112997055053711e+00 -9.203770160675048828e-01 2.878803014755249023e+00
1.375532031059265137e+00 -5.423619747161865234e-01 2.981295108795166016e+00
1.438392996788024902e+00 -4.030910134315490723e-01 3.044814109802246094e+00
1.472298979759216309e+00 -8.350009918212890625e-01 2.743065118789672852e+00
1.335124015808105469e+00 -6.990619897842407227e-01 2.893717050552368164e+00
1.567167043685913086e+00 -6.202870011329650879e-01 2.857466936111450195e+00
1.496199011802673340e+00 -4.910539984703063965e-01 2.912889003753662109e+00
1.251245975494384766e+00 -8.923689723014831543e-01 2.846206903457641602e+00
1.335216045379638672e+00 -6.483119726181030273e-01 2.940411090850830078e+00
1.425307989120483398e+00 -8.318139910697937012e-01 2.754403114318847656e+00
1.320884943008422852e+00 -8.572250008583068848e-01 2.796071052551269531e+00
1.169970989227294922e+00 -9.901279807090759277e-01 2.895313024520874023e+00
1.244387984275817871e+00 -8.467900156974792480e-01 2.901585102081298828e+00
1.564039945602416992e+00 -8.991209864616394043e-01 2.714245080947875977e+00
1.213565945625305176e+00 -9.476630091667175293e-01 2.853442907333374023e+00
1.600664973258972168e+00 -7.576860189437866211e-01 2.797272920608520508e+00
1.246199965476989746e+00 -7.950270175933837891e-01 2.979955911636352539e+00
1.406272053718566895e+00 -6.110579967498779297e-01 2.886147975921630859e+00
1.580150008201599121e+00 -7.362380027770996094e-01 2.800472974777221680e+00
1.411363005638122559e+00 -7.392669916152954102e-01 2.809993982315063477e+00
1.376268982887268066e+00 -6.427389979362487793e-01 2.890702962875366211e+00
1.458359956741333008e+00 -4.129979908466339111e-01 2.970266103744506836e+00
1.221868038177490234e+00 -8.555949926376342773e-01 2.946707010269165039e+00
1.371840953826904297e+00 -8.030400276184082031e-01 2.794051885604858398e+00
1.414984941482543945e+00 -5.369480252265930176e-01 2.926410913467407227e+00
1.618330001831054688e+00 -5.528830289840698242e-01 2.929763078689575195e+00
1.239981055259704590e+00 -9.139119982719421387e-01 2.843830108642578125e+00
1.421805024147033691e+00 -7.704650163650512695e-01 2.788717031478881836e+00
1.379114985466003418e+00 -7.701990008354187012e-01 2.808866977691650391e+00
1.414355039596557617e+00 -8.033459782600402832e-01 2.774104118347167969e+00
1.289952993392944336e+00 -8.367940187454223633e-01 2.840734004974365234e+00
1.276473999023437500e+00 -9.925919771194458008e-01 2.744808912277221680e+00
1.459228992462158203e+00 -3.790270090103149414e-01 2.994832992553710938e+00
1.400341033935546875e+00 -9.028580188751220703e-01 2.726268053054809570e+00
1.571194052696228027e+00 -6.851549744606018066e-01 2.824270009994506836e+00
1.611688971519470215e+00 -5.053690075874328613e-01 2.959781885147094727e+00
1.288372993469238281e+00 -7.120209932327270508e-01 2.979309082031250000e+00
1.333171963691711426e+00 -6.219779849052429199e-01 2.983583927154541016e+00
1.441499948501586914e+00 -4.538030028343200684e-01 2.958448886871337891e+00
1.291792035102844238e+00 -8.603780269622802734e-01 2.822144031524658203e+00
1.332172989845275879e+00 -7.427160143852233887e-01 2.864578008651733398e+00
1.476593017578125000e+00 -3.228960037231445312e-01 3.030471086502075195e+00
1.366369962692260742e+00 -9.022099971771240234e-01 2.740993022918701172e+00
1.356814980506896973e+00 -6.967849731445312500e-01 2.872128963470458984e+00
1.538818001747131348e+00 -9.772369861602783203e-01 2.670475006103515625e+00
1.292618989944458008e+00 -7.094240188598632812e-01 2.964553117752075195e+00
1.250167012214660645e+00 -8.447859883308410645e-01 2.890958070755004883e+00
1.489006042480468750e+00 -4.358620047569274902e-01 2.942420959472656250e+00
1.502038002014160156e+00 -5.111500024795532227e-01 2.902683019638061523e+00
1.215147018432617188e+00 -8.794220089912414551e-01 2.930500030517578125e+00
1.213824987411499023e+00 -9.029960036277770996e-01 2.902538061141967773e+00
1.587067008018493652e+00 -5.004220008850097656e-01 2.935611009597778320e+00
1.494894027709960938e+00 -4.538320004940032959e-01 2.932071924209594727e+00
1.366369962692260742e+00 -9.022099971771240234e-01 2.740993022918701172e+00
1.402444958686828613e+00 -8.559100031852722168e-01 2.750744104385375977e+00
1.449378967285156250e+00 -4.901320040225982666e-01 2.929608106613159180e+00
1.338706970214843750e+00 -8.826739788055419922e-01 2.768656969070434570e+00
1.377935051918029785e+00 -5.212230086326599121e-01 3.034487009048461914e+00
1.517948985099792480e+00 -4.924190044403076172e-01 2.911881923675537109e+00
1.176501989364624023e+00 -9.390799999237060547e-01 2.962799072265625000e+00
1.408115983009338379e+00 -4.604690074920654297e-01 3.027878999710083008e+00
1.492241024971008301e+00 -3.782640099525451660e-01 2.971019983291625977e+00
1.509932041168212891e+00 -4.367890059947967529e-01 2.939625024795532227e+00
1.480031013488769531e+00 -6.427680253982543945e-01 2.839143037796020508e+00
1.509567022323608398e+00 -8.912299871444702148e-01 2.713495016098022461e+00
1.496199011802673340e+00 -4.910539984703063965e-01 2.912889003753662109e+00
1.181038975715637207e+00 -9.355999827384948730e-01 2.948271036148071289e+00
1.356814980506896973e+00 -6.967849731445312500e-01 2.872128963470458984e+00
1.575670957565307617e+00 -9.010959863662719727e-01 2.715466022491455078e+00
1.417305946350097656e+00 -5.609539747238159180e-01 2.908792018890380859e+00
1.247912049293518066e+00 -9.962980151176452637e-01 2.770313024520874023e+00
1.164193987846374512e+00 -9.926519989967346191e-01 2.906219959259033203e+00
1.508105993270874023e+00 -9.730510115623474121e-01 2.672791004180908203e+00
1.436233997344970703e+00 -9.048150181770324707e-01 2.715049982070922852e+00
1.501173019409179688e+00 -4.711939990520477295e-01 2.922570943832397461e+00
1.227385997772216797e+00 -8.532559871673583984e-01 2.934966087341308594e+00
1.260799050331115723e+00 -7.873380184173583984e-01 2.939850091934204102e+00
1.462476015090942383e+00 -4.701229929924011230e-01 2.933784961700439453e+00
1.315179944038391113e+00 -6.834369897842407227e-01 2.943317890167236328e+00
1.328765988349914551e+00 -8.568729758262634277e-01 2.790929079055786133e+00
1.541051030158996582e+00 -7.802230119705200195e-01 2.770087003707885742e+00
1.510645031929016113e+00 -5.632920265197753906e-01 2.876671075820922852e+00
1.414414048194885254e+00 -6.108180284500122070e-01 2.880760908126831055e+00
1.298231959342956543e+00 -7.481359839439392090e-01 2.905389070510864258e+00
1.416592001914978027e+00 -8.315770030021667480e-01 2.757904052734375000e+00
1.303871035575866699e+00 -7.762020230293273926e-01 2.871382951736450195e+00
1.611688971519470215e+00 -5.053690075874328613e-01 2.959781885147094727e+00
1.215147018432617188e+00 -8.794220089912414551e-01 2.930500030517578125e+00
1.497678041458129883e+00 -6.131110191345214844e-01 2.851979017257690430e+00
1.428514003753662109e+00 -5.100569725036621094e-01 2.931794881820678711e+00
1.490980029106140137e+00 -3.419719934463500977e-01 2.990964889526367188e+00
1.489006042480468750e+00 -4.358620047569274902e-01 2.942420959472656250e+00
1.432997941970825195e+00 -4.905830025672912598e-01 2.940999984741210938e+00
1.466135978698730469e+00 -7.413700222969055176e-01 2.791914939880371094e+00
1.412562012672424316e+00 -6.945319771766662598e-01 2.833656072616577148e+00
1.523709058761596680e+00 -3.432630002498626709e-01 2.988590002059936523e+00
1.355713009834289551e+00 -5.939980149269104004e-01 2.961790084838867188e+00
1.285161972045898438e+00 -7.362229824066162109e-01 2.947451114654541016e+00
1.525498986244201660e+00 -3.798669874668121338e-01 2.969932079315185547e+00
1.503483057022094727e+00 -1.027122974395751953e+00 2.645920038223266602e+00
1.453820943832397461e+00 -4.701879918575286865e-01 2.938586950302124023e+00
1.539440035820007324e+00 -3.811019957065582275e-01 2.974961996078491211e+00
1.506420969963073730e+00 -7.446879744529724121e-01 2.786439895629882812e+00
1.468209028244018555e+00 -7.728419899940490723e-01 2.775495052337646484e+00
1.417700052261352539e+00 -9.034569859504699707e-01 2.719573020935058594e+00
1.360213994979858398e+00 -8.555369973182678223e-01 2.770370960235595703e+00
1.380970954895019531e+00 -5.640950202941894531e-01 2.946237087249755859e+00
1.488000988960266113e+00 -3.968420028686523438e-01 2.962579011917114258e+00
1.594658017158508301e+00 -6.243129968643188477e-01 2.866447925567626953e+00
1.470327019691467285e+00 -6.422730088233947754e-01 2.841402053833007812e+00
1.343664050102233887e+00 -6.185340285301208496e-01 2.959014892578125000e+00
1.483518958091735840e+00 -9.088019728660583496e-01 2.704948902130126953e+00
1.244421005249023438e+00 -8.691020011901855469e-01 2.877671003341674805e+00
1.389786958694458008e+00 -7.220119833946228027e-01 2.830602884292602539e+00
1.417700052261352539e+00 -9.034569859504699707e-01 2.719573020935058594e+00
1.467797040939331055e+00 -6.114379763603210449e-01 2.857594013214111328e+00
1.348150014877319336e+00 -6.460229754447937012e-01 2.921948909759521484e+00
1.500599026679992676e+00 -3.421100080013275146e-01 2.987660884857177734e+00
1.545117974281311035e+00 -6.486269831657409668e-01 2.837527990341186523e+00
1.290840983390808105e+00 -7.788040041923522949e-01 2.888849020004272461e+00
1.260669946670532227e+00 -9.380919933319091797e-01 2.798635005950927734e+00
1.225132942199707031e+00 -8.984659910202026367e-01 2.880640029907226562e+00
1.430914998054504395e+00 -5.363119840621948242e-01 2.914370059967041016e+00
1.520190000534057617e+00 -3.982689976692199707e-01 2.959594964981079102e+00
1.390416026115417480e+00 -4.976769983768463135e-01 3.013555049896240234e+00
1.504681944847106934e+00 -4.134649932384490967e-01 2.951271057128906250e+00
1.376268982887268066e+00 -6.427389979362487793e-01 2.890702962875366211e+00
1.580469012260437012e+00 -8.490340113639831543e-01 2.742755889892578125e+00
1.438246011734008789e+00 -4.366900026798248291e-01 2.974519014358520508e+00
1.471451997756958008e+00 -3.566479980945587158e-01 2.996932983398437500e+00
1.448035001754760742e+00 -6.952000260353088379e-01 2.819118976593017578e+00
1.346865057945251465e+00 -6.771289706230163574e-01 2.896169900894165039e+00
1.276473999023437500e+00 -9.925919771194458008e-01 2.744808912277221680e+00
1.220100045204162598e+00 -9.460610151290893555e-01 2.844952106475830078e+00
1.495620012283325195e+00 -3.211080133914947510e-01 3.000273942947387695e+00
1.233652949333190918e+00 -9.983000159263610840e-01 2.783370971679687500e+00
1.538818001747131348e+00 -9.772369861602783203e-01 2.670475006103515625e+00
1.335216045379638672e+00 -6.483119726181030273e-01 2.940411090850830078e+00
1.276473045349121094e+00 -8.127210140228271484e-01 2.879981994628906250e+00
1.564039945602416992e+00 -8.991209864616394043e-01 2.714245080947875977e+00
1.467895030975341797e+00 -9.678689837455749512e-01 2.676460981369018555e+00
1.266438007354736328e+00 -7.853400111198425293e-01 2.928584098815917969e+00
1.178441047668457031e+00 -9.234960079193115234e-01 2.993976116180419922e+00
1.365733981132507324e+00 -7.228670120239257812e-01 2.846426010131835938e+00
1.481688976287841797e+00 -5.101810097694396973e-01 2.906172037124633789e+00
1.523540019989013672e+00 -8.405429720878601074e-01 2.738610982894897461e+00
1.349864959716796875e+00 -8.317130208015441895e-01 2.791732072830200195e+00
1.545356035232543945e+00 -5.664979815483093262e-01 2.879179000854492188e+00
1.458359956741333008e+00 -4.129979908466339111e-01 2.970266103744506836e+00
1.277717947959899902e+00 -7.814490199089050293e-01 2.906420946121215820e+00
1.213824987411499023e+00 -9.029960036277770996e-01 2.902538061141967773e+00
1.361528992652893066e+00 -6.440259814262390137e-01 2.904757022857666016e+00
1.326462030410766602e+00 -9.032850265502929688e-01 2.764575958251953125e+00
1.567872047424316406e+00 -7.344459891319274902e-01 2.798398971557617188e+00
1.438248038291931152e+00 -4.004949927330017090e-01 3.020884037017822266e+00
1.204710960388183594e+00 -8.689230084419250488e-01 3.007363080978393555e+00
1.436233997344970703e+00 -9.048150181770324707e-01 2.715049982070922852e+00
1.329694032669067383e+00 -6.499509811401367188e-01 2.951865911483764648e+00
1.470327019691467285e+00 -6.422730088233947754e-01 2.841402053833007812e+00
1.185541033744812012e+00 -9.321529865264892578e-01 2.933845996856689453e+00
1.171928048133850098e+00 -9.425929784774780273e-01 2.977427959442138672e+00
1.419605016708374023e+00 -5.873810052871704102e-01 2.891333103179931641e+00
1.528411984443664551e+00 -4.559360146522521973e-01 2.931951999664306641e+00
1.476865053176879883e+00 -6.967970132827758789e-01 2.812345981597900391e+00
1.336043000221252441e+00 -7.254440188407897949e-01 2.872899055480957031e+00
1.577715992927551270e+00 -8.195499777793884277e-01 2.757167100906372070e+00
1.213039994239807129e+00 -8.619670271873474121e-01 2.976026058197021484e+00
1.492241024971008301e+00 -3.782640099525451660e-01 2.971019983291625977e+00
1.589586019515991211e+00 -8.213909864425659180e-01 2.758578062057495117e+00
1.379397034645080566e+00 -8.820930123329162598e-01 2.746349096298217773e+00
1.515720963478088379e+00 -4.140509963035583496e-01 2.950895071029663086e+00
1.442474007606506348e+00 -9.945629835128784180e-01 2.668155908584594727e+00
1.524145007133483887e+00 -5.127059817314147949e-01 2.902378082275390625e+00
1.279528975486755371e+00 -7.381049990653991699e-01 2.958857059478759766e+00
1.315480947494506836e+00 -7.284820079803466797e-01 2.896950006484985352e+00
1.280094981193542480e+00 -7.174670100212097168e-01 3.009871959686279297e+00
1.512115001678466797e+00 -4.718610048294067383e-01 2.922157049179077148e+00
1.469714045524597168e+00 -8.063049912452697754e-01 2.758179903030395508e+00
1.192057013511657715e+00 -9.132109880447387695e-01 2.949969053268432617e+00
1.516968011856079102e+00 -7.457450032234191895e-01 2.785832881927490234e+00
1.350196003913879395e+00 -5.955070257186889648e-01 2.973401069641113281e+00
1.497099995613098145e+00 -6.983349919319152832e-01 2.809576034545898438e+00
1.538818001747131348e+00 -9.772369861602783203e-01 2.670475006103515625e+00
1.368656039237976074e+00 -6.137779951095581055e-01 2.919962882995605469e+00
1.259875059127807617e+00 -9.097350239753723145e-01 2.819549083709716797e+00
1.279528975486755371e+00 -7.381049990653991699e-01 2.958857059478759766e+00
1.277717947959899902e+00 -7.814490199089050293e-01 2.906420946121215820e+00
1.213565945625305176e+00 -9.476630091667175293e-01 2.853442907333374023e+00
1.357936024665832520e+00 -7.232890129089355469e-01 2.852196931838989258e+00
1.579807996749877930e+00 -4.790779948234558105e-01 2.943367958068847656e+00
1.326156020164489746e+00 -8.327209949493408203e-01 2.807229042053222656e+00
1.383659958839416504e+00 -5.165359973907470703e-01 2.998910903930664062e+00
1.200616955757141113e+00 -8.883259892463684082e-01 2.971153974533081055e+00
1.476593017578125000e+00 -3.228960037231445312e-01 3.030471086502075195e+00
1.334066987037658691e+00 -8.323779702186584473e-01 2.802062988281250000e+00
1.549412965774536133e+00 -5.941169857978820801e-01 2.865962028503417969e+00
1.263952970504760742e+00 -7.500990033149719238e-01 3.022406101226806641e+00
1.263285994529724121e+00 -8.419219851493835449e-01 2.873591899871826172e+00
1.535277009010314941e+00 -6.805899739265441895e-01 2.819456100463867188e+00
1.553128004074096680e+00 -3.610039949417114258e-01 3.001415014266967773e+00
1.282997012138366699e+00 -8.113570213317871094e-01 2.871293067932128906e+00
1.441100955009460449e+00 -4.903239905834197998e-01 2.935115098953247070e+00
1.414984941482543945e+00 -5.369480252265930176e-01 2.926410913467407227e+00
1.388494014739990234e+00 -5.890240073204040527e-01 2.916380882263183594e+00
1.480970978736877441e+00 -4.703859984874725342e-01 2.926541090011596680e+00
1.476335048675537109e+00 -4.903010129928588867e-01 2.917380094528198242e+00
1.487805008888244629e+00 -3.562420010566711426e-01 2.984597921371459961e+00
1.479181051254272461e+00 -3.563340008258819580e-01 2.989847898483276367e+00
1.299003005027770996e+00 -8.595209717750549316e-01 2.815428972244262695e+00
1.388455033302307129e+00 -8.029159903526306152e-01 2.785295963287353516e+00
1.183015942573547363e+00 -9.200350046157836914e-01 2.979202985763549805e+00
1.335124015808105469e+00 -6.990619897842407227e-01 2.893717050552368164e+00
1.517349004745483398e+00 -1.052440047264099121e+00 2.633217096328735352e+00
1.266438007354736328e+00 -7.853400111198425293e-01 2.928584098815917969e+00
1.167122006416320801e+00 -9.665009975433349609e-01 2.939177989959716797e+00
1.222208023071289062e+00 -8.353869915008544922e-01 2.998519897460937500e+00
1.419605016708374023e+00 -5.873810052871704102e-01 2.891333103179931641e+00
1.563212037086486816e+00 -4.767270088195800781e-01 2.933646917343139648e+00
1.454610943794250488e+00 -1.020944952964782715e+00 2.652240037918090820e+00
1.542528986930847168e+00 -8.141790032386779785e-01 2.753165960311889648e+00
1.588788986206054688e+00 -7.873759865760803223e-01 2.776518106460571289e+00
1.557036995887756348e+00 -8.453099727630615234e-01 2.740166902542114258e+00
1.493000030517578125e+00 -5.889809727668762207e-01 2.864022016525268555e+00
1.486536979675292969e+00 -6.973580121994018555e-01 2.810142040252685547e+00
1.362120985984802246e+00 -6.148059964179992676e-01 2.928975105285644531e+00
1.368656039237976074e+00 -6.137779951095581055e-01 2.919962882995605469e+00
1.346534013748168945e+00 -8.823350071907043457e-01 2.763545036315917969e+00
1.405719995498657227e+00 -8.031960129737854004e-01 2.777838945388793945e+00
1.310559988021850586e+00 -6.582750082015991211e-01 3.005700111389160156e+00
1.444066047668457031e+00 -8.330659866333007812e-01 2.749886989593505859e+00
1.433316946029663086e+00 -9.937980175018310547e-01 2.670439004898071289e+00
1.415781974792480469e+00 -6.409639716148376465e-01 2.861699104309082031e+00
1.366369962692260742e+00 -9.022099971771240234e-01 2.740993022918701172e+00
1.589586019515991211e+00 -8.213909864425659180e-01 2.758578062057495117e+00
1.437597036361694336e+00 -4.706879854202270508e-01 2.950438022613525391e+00
1.539440035820007324e+00 -3.811019957065582275e-01 2.974961996078491211e+00
1.256430983543395996e+00 -7.656059861183166504e-01 3.004420042037963867e+00
1.233652949333190918e+00 -9.983000159263610840e-01 2.783370971679687500e+00
1.498021960258483887e+00 -3.971320092678070068e-01 2.960237026214599609e+00
1.524145007133483887e+00 -5.127059817314147949e-01 2.902378082275390625e+00
1.465832948684692383e+00 -5.362629890441894531e-01 2.896629095077514648e+00
1.340247035026550293e+00 -6.782029867172241211e-01 2.904819965362548828e+00
1.592260003089904785e+00 -8.509190082550048828e-01 2.744054079055786133e+00
1.189329981803894043e+00 -9.559209942817687988e-01 2.892863988876342773e+00
1.508690953254699707e+00 -2.623910009860992432e-01 3.026494979858398438e+00
1.505417943000793457e+00 -3.212690055370330811e-01 2.997255086898803711e+00
1.279528975486755371e+00 -7.381049990653991699e-01 2.958857059478759766e+00
1.238751053810119629e+00 -8.489279747009277344e-01 2.912659883499145508e+00
1.589689970016479492e+00 -5.995519757270812988e-01 2.877913951873779297e+00
1.355713009834289551e+00 -5.939980149269104004e-01 2.961790084838867188e+00
1.334066987037658691e+00 -8.323779702186584473e-01 2.802062988281250000e+00
1.408555984497070312e+00 -6.734049916267395020e-01 2.847093105316162109e+00
1.341150999069213867e+00 -5.994920134544372559e-01 3.001441955566406250e+00
1.483329057693481445e+00 -1.024245977401733398e+00 2.647504091262817383e+00
1.459455013275146484e+00 -3.603959977626800537e-01 3.041755914688110352e+00
1.306198954582214355e+00 -8.586729764938354492e-01 2.808725118637084961e+00
1.274822950363159180e+00 -7.550860047340393066e-01 2.947973966598510742e+00
1.506420969963073730e+00 -7.446879744529724121e-01 2.786439895629882812e+00
1.391463041305541992e+00 -6.417160034179687500e-01 2.877763986587524414e+00
1.495901942253112793e+00 -7.436389923095703125e-01 2.787040948867797852e+00
1.563212037086486816e+00 -4.767270088195800781e-01 2.933646917343139648e+00
1.425307989120483398e+00 -8.318139910697937012e-01 2.754403114318847656e+00
1.392428040504455566e+00 -6.739240288734436035e-01 2.857736110687255859e+00
1.306198954582214355e+00 -8.586729764938354492e-01 2.808725118637084961e+00
1.244421005249023438e+00 -8.691020011901855469e-01 2.877671003341674805e+00
1.405125975608825684e+00 -4.748049974441528320e-01 2.997770071029663086e+00
1.547150969505310059e+00 -6.820780038833618164e-01 2.820970058441162109e+00
1.329103946685791016e+00 -6.242960095405578613e-01 2.998728990554809570e+00
1.296705007553100586e+00 -9.337559938430786133e-01 2.766458988189697266e+00
1.317924022674560547e+00 -8.063269853591918945e-01 2.833939075469970703e+00
1.493392944335937500e+00 -1.025678992271423340e+00 2.646714925765991211e+00
1.269292950630187988e+00 -7.570949792861938477e-01 2.959656953811645508e+00
1.307443976402282715e+00 -8.841840028762817383e-01 2.789370059967041016e+00
1.500875949859619141e+00 -2.974790036678314209e-01 3.010817050933837891e+00
1.509567022323608398e+00 -8.912299871444702148e-01 2.713495016098022461e+00
1.602573990821838379e+00 -5.746009945869445801e-01 2.901238918304443359e+00
1.518316030502319336e+00 -9.744349718093872070e-01 2.672024965286254883e+00
1.354292988777160645e+00 -5.716530084609985352e-01 3.006474971771240234e+00
1.507020950317382812e+00 -4.917210042476654053e-01 2.912312984466552734e+00
1.343356013298034668e+00 -7.247179746627807617e-01 2.865987062454223633e+00
1.555675983428955078e+00 -4.960680007934570312e-01 2.919503927230834961e+00
1.533197999000549316e+00 -6.472110152244567871e-01 2.835968971252441406e+00
1.414984941482543945e+00 -5.369480252265930176e-01 2.926410913467407227e+00
1.567872047424316406e+00 -7.344459891319274902e-01 2.798398971557617188e+00
1.497099995613098145e+00 -6.983349919319152832e-01 2.809576034545898438e+00
1.405125975608825684e+00 -4.748049974441528320e-01 2.997770071029663086e+00
1.516973972320556641e+00 -5.389729738235473633e-01 2.888724088668823242e+00
1.566825032234191895e+00 -5.442230105400085449e-01 2.898168087005615234e+00
1.276309967041015625e+00 -8.391050100326538086e-01 2.856328010559082031e+00
1.463760972023010254e+00 -1.021752953529357910e+00 2.649936914443969727e+00
1.227385997772216797e+00 -8.532559871673583984e-01 2.934966087341308594e+00
1.238751053810119629e+00 -8.489279747009277344e-01 2.912659883499145508e+00
1.465832948684692383e+00 -5.362629890441894531e-01 2.896629095077514648e+00
1.541051030158996582e+00 -7.802230119705200195e-01 2.770087003707885742e+00
1.582700014114379883e+00 -9.538789987564086914e-01 2.690068960189819336e+00
1.469782948493957520e+00 -5.609830021858215332e-01 2.882819890975952148e+00
1.360213994979858398e+00 -8.555369973182678223e-01 2.770370960235595703e+00
1.485355973243713379e+00 -5.370140075683593750e-01 2.891778945922851562e+00
1.310819029808044434e+00 -9.040139913558959961e-01 2.774763107299804688e+00
1.208572983741760254e+00 -8.651990294456481934e-01 2.990840911865234375e+00
1.325266957283020020e+00 -6.267619729042053223e-01 3.014580965042114258e+00
1.458067059516906738e+00 -6.109750270843505859e-01 2.859841108322143555e+00
1.345181941986083984e+00 -5.972650051116943359e-01 2.986248016357421875e+00
1.562448978424072266e+00 -7.515090107917785645e-01 2.788719892501831055e+00
1.411435008049011230e+00 -5.876129865646362305e-01 2.896744012832641602e+00
1.476335048675537109e+00 -4.903010129928588867e-01 2.917380094528198242e+00
1.509567022323608398e+00 -8.912299871444702148e-01 2.713495016098022461e+00
1.531242966651916504e+00 -8.126000165939331055e-01 2.752456903457641602e+00
1.363170981407165527e+00 -5.678070187568664551e-01 2.978082895278930664e+00
1.500272035598754883e+00 -1.001072049140930176e+00 2.658906936645507812e+00
1.527222990989685059e+00 -8.661379814147949219e-01 2.725847005844116211e+00
1.360213994979858398e+00 -8.555369973182678223e-01 2.770370960235595703e+00
1.468209028244018555e+00 -7.728419899940490723e-01 2.775495052337646484e+00
1.433316946029663086e+00 -9.937980175018310547e-01 2.670439004898071289e+00
1.521311044692993164e+00 -4.375140070915222168e-01 2.939928054809570312e+00
1.420086979866027832e+00 -7.394000291824340820e-01 2.806229114532470703e+00
1.208454966545104980e+00 -9.226909875869750977e-01 2.889697074890136719e+00
1.269292950630187988e+00 -7.570949792861938477e-01 2.959656953811645508e+00
1.293122053146362305e+00 -8.859159946441650391e-01 2.802683115005493164e+00
1.295439958572387695e+00 -6.919090151786804199e-01 2.995651006698608398e+00
1.299003005027770996e+00 -8.595209717750549316e-01 2.815428972244262695e+00
1.437597036361694336e+00 -4.706879854202270508e-01 2.950438022613525391e+00
1.400495052337646484e+00 -6.736620068550109863e-01 2.852412939071655273e+00
1.468930006027221680e+00 -3.431569933891296387e-01 3.014743089675903320e+00
1.395830988883972168e+00 -6.947240233421325684e-01 2.842911958694458008e+00
1.538818001747131348e+00 -9.772369861602783203e-01 2.670475006103515625e+00
1.387788057327270508e+00 -6.949939727783203125e-01 2.848212957382202148e+00
1.508398056030273438e+00 -6.139760017395019531e-01 2.851466894149780273e+00
1.310559988021850586e+00 -6.582750082015991211e-01 3.005700111389160156e+00
1.304015994071960449e+00 -6.869210004806518555e-01 2.966243028640747070e+00
1.371162056922912598e+00 -7.704939842224121094e-01 2.814090967178344727e+00
