-2.715914011001586914e+00 -4.738540053367614746e-01 -2.340346097946166992e+00
-2.715914011001586914e+00 -4.738540053367614746e-01 -2.340346097946166992e+00
-2.787168979644775391e+00 -5.940849781036376953e-01 -2.272898912429809570e+00
-2.568628072738647461e+00 -7.303370237350463867e-01 -2.295716047286987305e+00
-2.493892908096313477e+00 -7.654219865798950195e-01 -2.440562963485717773e+00
-2.757957935333251953e+00 -3.859139978885650635e-01 -2.333430051803588867e+00
-2.603363990783691406e+00 -6.367210149765014648e-01 -2.326761007308959961e+00
-2.690443992614746094e+00 -5.106679797172546387e-01 -2.332573890686035156e+00
-2.554682016372680664e+00 -6.442689895629882812e-01 -2.440419912338256836e+00
-2.688968896865844727e+00 -6.670029759407043457e-01 -2.247370004653930664e+00
-2.748673915863037109e+00 -5.150460004806518555e-01 -2.311387062072753906e+00
-2.574170112609863281e+00 -6.119009852409362793e-01 -2.414871931076049805e+00
-2.700675010681152344e+00 -6.418470144271850586e-01 -2.257153987884521484e+00
-2.673537015914916992e+00 -5.534009933471679688e-01 -2.317915916442871094e+00
-2.530452966690063477e+00 -7.547150254249572754e-01 -2.331177949905395508e+00
-2.640774011611938477e+00 -4.745689928531646729e-01 -2.432811021804809570e+00
-2.503138065338134766e+00 -8.708350062370300293e-01 -2.264489889144897461e+00
-2.739778041839599609e+00 -4.755539894104003906e-01 -2.332261085510253906e+00
-2.610280990600585938e+00 -6.366999745368957520e-01 -2.318819999694824219e+00
-2.570287942886352539e+00 -6.390720009803771973e-01 -2.382246971130371094e+00
-2.412751913070678711e+00 -1.013942956924438477e+00 -2.277163028717041016e+00
-2.573753118515014648e+00 -7.531499862670898438e-01 -2.272519111633300781e+00
-2.501419067382812500e+00 -8.040710091590881348e-01 -2.332479953765869141e+00
-2.674266099929809570e+00 -4.304949939250946045e-01 -2.404675960540771484e+00
-2.680738925933837891e+00 -6.103259921073913574e-01 -2.282002925872802734e+00
-2.491740942001342773e+00 -8.716430068016052246e-01 -2.281661033630371094e+00
-2.414716005325317383e+00 -9.837350249290466309e-01 -2.306714057922363281e+00
-2.419229030609130859e+00 -9.827460050582885742e-01 -2.297111034393310547e+00
-2.662122011184692383e+00 -4.480530023574829102e-01 -2.408317089080810547e+00
-2.598651885986328125e+00 -5.572659969329833984e-01 -2.437839031219482422e+00
-2.541146039962768555e+00 -6.708070039749145508e-01 -2.442188978195190430e+00
-2.700834035873413086e+00 -6.682649850845336914e-01 -2.243485927581787109e+00
-2.561800003051757812e+00 -7.303680181503295898e-01 -2.303546905517578125e+00
-2.496131896972656250e+00 -7.881230115890502930e-01 -2.370131969451904297e+00
-2.611615896224975586e+00 -5.817419886589050293e-01 -2.362624883651733398e+00
-2.754017114639282227e+00 -5.899310111999511719e-01 -2.273660898208618164e+00
-2.725125074386596680e+00 -3.700299859046936035e-01 -2.377077102661132812e+00
-2.582052946090698242e+00 -5.915639996528625488e-01 -2.481503009796142578e+00
-2.668365955352783203e+00 -6.652590036392211914e-01 -2.257628917694091797e+00
-2.428747892379760742e+00 -1.012063980102539062e+00 -2.251061916351318359e+00
-2.607773065567016602e+00 -5.392479896545410156e-01 -2.476138114929199219e+00
-2.570132970809936523e+00 -6.632739901542663574e-01 -2.353444099426269531e+00
-2.797430992126464844e+00 -5.412889719009399414e-01 -2.281267881393432617e+00
-2.787168979644775391e+00 -5.940849781036376953e-01 -2.272898912429809570e+00
-2.483169078826904297e+00 -7.931740283966064453e-01 -2.415451049804687500e+00
-2.797363042831420898e+00 -4.770820140838623047e-01 -2.281212091445922852e+00
-2.603857994079589844e+00 -5.552510023117065430e-01 -2.413361072540283203e+00
-2.764472007751464844e+00 -3.459720015525817871e-01 -2.324671983718872070e+00
-2.748673915863037109e+00 -5.150460004806518555e-01 -2.311387062072753906e+00
-2.702024936676025391e+00 -6.120399832725524902e-01 -2.272159099578857422e+00
-2.679974079132080078e+00 -4.302490055561065674e-01 -2.395231008529663086e+00
-2.777647018432617188e+00 -4.108290076255798340e-01 -2.307291984558105469e+00
-2.767448902130126953e+00 -6.496040225028991699e-01 -2.242957115173339844e+00
-2.574280977249145508e+00 -6.382830142974853516e-01 -2.371553897857666016e+00
-2.771095991134643555e+00 -4.108909964561462402e-01 -2.316009998321533203e+00
-2.539011955261230469e+00 -6.989039778709411621e-01 -2.381891012191772461e+00
-2.504383087158203125e+00 -7.450580000877380371e-01 -2.465658903121948242e+00
-2.764611005783081055e+00 -4.774219989776611328e-01 -2.324789047241210938e+00
-2.777578115463256836e+00 -3.458650112152099609e-01 -2.307235002517700195e+00
-2.777760028839111328e+00 -5.178790092468261719e-01 -2.307385921478271484e+00
-2.585815906524658203e+00 -6.095209717750549316e-01 -2.382180929183959961e+00
-2.555934906005859375e+00 -7.827820181846618652e-01 -2.270541906356811523e+00
-2.754017114639282227e+00 -5.899310111999511719e-01 -2.273660898208618164e+00
-2.512300014495849609e+00 -8.030660152435302734e-01 -2.314454078674316406e+00
-2.596393108367919922e+00 -5.831480026245117188e-01 -2.391925096511840820e+00
-2.596473932266235352e+00 -5.583810210227966309e-01 -2.450560092926025391e+00
-2.458784103393554688e+00 -9.042429924011230469e-01 -2.306627035140991211e+00
-2.744889020919799805e+00 -4.326049983501434326e-01 -2.350925922393798828e+00
-2.582278013229370117e+00 -7.302950024604797363e-01 -2.280046939849853516e+00
-2.810579061508178711e+00 -5.961530208587646484e-01 -2.263901948928833008e+00
-2.548111915588378906e+00 -6.668750047683715820e-01 -2.404917001724243164e+00
-2.777669906616210938e+00 -4.322380125522613525e-01 -2.307311058044433594e+00
-2.480612039566040039e+00 -8.088480234146118164e-01 -2.384012937545776367e+00
-2.423388957977294922e+00 -9.619200229644775391e-01 -2.315000057220458984e+00
-2.562267065048217773e+00 -6.406710147857666016e-01 -2.403706073760986328e+00
-2.477253913879394531e+00 -8.101050257682800293e-01 -2.395200014114379883e+00
-2.590570926666259766e+00 -6.089519858360290527e-01 -2.372159004211425781e+00
-2.649667978286743164e+00 -6.378359794616699219e-01 -2.283261060714721680e+00
-2.541146039962768555e+00 -6.708070039749145508e-01 -2.442188978195190430e+00
-2.584696054458618164e+00 -5.938940048217773438e-01 -2.499083042144775391e+00
-2.662122011184692383e+00 -4.480530023574829102e-01 -2.408317089080810547e+00
-2.667723894119262695e+00 -4.477759897708892822e-01 -2.398793935775756836e+00
-2.445228099822998047e+00 -9.069929718971252441e-01 -2.335861921310424805e+00
-2.539916992187500000e+00 -6.724349856376647949e-01 -2.455786943435668945e+00
-2.658900976181030273e+00 -6.384019851684570312e-01 -2.277278900146484375e+00
-2.596473932266235352e+00 -5.583810210227966309e-01 -2.450560092926025391e+00
-2.784311056137084961e+00 -5.178049802780151367e-01 -2.298671007156372070e+00
-2.583718061447143555e+00 -5.868660211563110352e-01 -2.438520908355712891e+00
-2.662533044815063477e+00 -5.820980072021484375e-01 -2.308377027511596680e+00
-2.595412969589233398e+00 -6.950830221176147461e-01 -2.291644096374511719e+00
-2.553090095520019531e+00 -6.457309722900390625e-01 -2.453668117523193359e+00
-2.703424930572509766e+00 -5.552549958229064941e-01 -2.301315069198608398e+00
-2.722691059112548828e+00 -5.127879977226257324e-01 -2.317714929580688477e+00
-2.785259962081909180e+00 -6.521930098533630371e-01 -2.243508100509643555e+00
-2.549159049987792969e+00 -7.828080058097839355e-01 -2.278315067291259766e+00
-2.635499954223632812e+00 -6.966220140457153320e-01 -2.257236957550048828e+00
-2.757941007614135742e+00 -3.696660101413726807e-01 -2.333415985107421875e+00
-2.600039958953857422e+00 -5.639879703521728516e-01 -2.498790025711059570e+00
-2.768723964691162109e+00 -5.916110277175903320e-01 -2.271795988082885742e+00
-2.618839979171752930e+00 -5.164369940757751465e-01 -2.471668958663940430e+00
-2.488050937652587891e+00 -7.901110053062438965e-01 -2.391161918640136719e+00
-2.718866109848022461e+00 -4.936299920082092285e-01 -2.328638076782226562e+00
-2.687510013580322266e+00 -4.100910127162933350e-01 -2.401966094970703125e+00
-2.681412935256958008e+00 -5.102909803390502930e-01 -2.338948011398315430e+00
-2.517725944519042969e+00 -8.025749921798706055e-01 -2.305454969406127930e+00
-2.493892908096313477e+00 -7.654219865798950195e-01 -2.440562963485717773e+00
-2.771027088165283203e+00 -3.459169864654541016e-01 -2.315952062606811523e+00
-2.488743066787719727e+00 -9.277859926223754883e-01 -2.237855911254882812e+00
-2.622447013854980469e+00 -5.530710220336914062e-01 -2.372423887252807617e+00
-2.817086935043334961e+00 -5.643690228462219238e-01 -2.255170106887817383e+00
-2.524777889251708984e+00 -7.838289737701416016e-01 -2.311913013458251953e+00
-2.542382001876831055e+00 -7.828410267829895020e-01 -2.286087036132812500e+00
-2.771164894104003906e+00 -4.773449897766113281e-01 -2.316067934036254883e+00
-2.664535999298095703e+00 -5.097709894180297852e-01 -2.352677106857299805e+00
-2.412751913070678711e+00 -1.013942956924438477e+00 -2.277163028717041016e+00
-2.784311056137084961e+00 -5.178049802780151367e-01 -2.298671007156372070e+00
-2.640316009521484375e+00 -4.923079907894134521e-01 -2.403110027313232422e+00
-2.555144071578979492e+00 -6.519460082054138184e-01 -2.500504016876220703e+00
-2.830168962478637695e+00 -5.642759799957275391e-01 -2.237763881683349609e+00
-2.596393108367919922e+00 -5.831480026245117188e-01 -2.391925096511840820e+00
-2.777669906616210938e+00 -4.322380125522613525e-01 -2.307311058044433594e+00
-2.427401065826416016e+00 -9.607489705085754395e-01 -2.304871082305908203e+00
-2.712846994400024414e+00 -5.342379808425903320e-01 -2.309334993362426758e+00
-2.535907030105590820e+00 -7.542489767074584961e-01 -2.322103023529052734e+00
-2.690895080566406250e+00 -3.865689933300018311e-01 -2.419629096984863281e+00
-2.628146886825561523e+00 -4.969150125980377197e-01 -2.465507984161376953e+00
-2.764540910720825195e+00 -4.109570086002349854e-01 -2.324729919433593750e+00
-2.549159049987792969e+00 -7.828080058097839355e-01 -2.278315067291259766e+00
-2.463280916213989258e+00 -8.433579802513122559e-01 -2.381689071655273438e+00
-2.830168962478637695e+00 -5.642759799957275391e-01 -2.237763881683349609e+00
-2.757957935333251953e+00 -3.859139978885650635e-01 -2.333430051803588867e+00
-2.803976058959960938e+00 -5.412269830703735352e-01 -2.272561073303222656e+00
-2.628022909164428711e+00 -4.954920113086700439e-01 -2.450534105300903320e+00
-2.459628105163574219e+00 -9.296429753303527832e-01 -2.279683113098144531e+00
-2.448875904083251953e+00 -9.583410024642944336e-01 -2.269716978073120117e+00
-2.751450061798095703e+00 -4.325239956378936768e-01 -2.342196941375732422e+00
-2.664666891098022461e+00 -6.989449858665466309e-01 -2.240744113922119141e+00
-2.603857994079589844e+00 -5.552510023117065430e-01 -2.413361072540283203e+00
-2.430710077285766602e+00 -9.345390200614929199e-01 -2.336054086685180664e+00
-2.726027965545654297e+00 -6.143720149993896484e-01 -2.264414072036743164e+00
-2.764497995376586914e+00 -3.696030080318450928e-01 -2.324692964553833008e+00
-2.556152105331420898e+00 -6.652039885520935059e-01 -2.383517026901245117e+00
-2.574831008911132812e+00 -6.951519846916198730e-01 -2.315264940261840820e+00
-2.687092065811157227e+00 -4.302339851856231689e-01 -2.387053966522216797e+00
-2.539030075073242188e+00 -7.318680286407470703e-01 -2.339080095291137695e+00
-2.647984027862548828e+00 -4.732440114021301270e-01 -2.410088062286376953e+00
-2.488743066787719727e+00 -9.277859926223754883e-01 -2.237855911254882812e+00
-2.492490053176879883e+00 -7.672600150108337402e-01 -2.453950881958007812e+00
-2.553340911865234375e+00 -7.532250285148620605e-01 -2.295941114425659180e+00
-2.687961101531982422e+00 -4.475499987602233887e-01 -2.373359918594360352e+00
-2.751468896865844727e+00 -4.509919881820678711e-01 -2.342212915420532227e+00
-2.693289041519165039e+00 -5.545989871025085449e-01 -2.306731939315795898e+00
-2.694595098495483398e+00 -4.100689888000488281e-01 -2.393718957901000977e+00
-2.744839906692504883e+00 -3.860560059547424316e-01 -2.350883960723876953e+00
-2.731693983078002930e+00 -3.699499964714050293e-01 -2.368338108062744141e+00
-2.674266099929809570e+00 -4.304949939250946045e-01 -2.404675960540771484e+00
-2.443521976470947266e+00 -9.589310288429260254e-01 -2.278492927551269531e+00
-2.691802978515625000e+00 -5.328400135040283203e-01 -2.319570064544677734e+00
-2.777669906616210938e+00 -4.322380125522613525e-01 -2.307311058044433594e+00
-2.771187067031860352e+00 -4.980199933052062988e-01 -2.316086053848266602e+00
-2.445985078811645508e+00 -9.796990156173706055e-01 -2.253360986709594727e+00
-2.623919010162353516e+00 -5.813220143318176270e-01 -2.345132112503051758e+00
-2.635499954223632812e+00 -6.966220140457153320e-01 -2.257236957550048828e+00
-2.738276958465576172e+00 -3.861320018768310547e-01 -2.359616041183471680e+00
-2.643996000289916992e+00 -4.738340079784393311e-01 -2.421078920364379883e+00
-2.681545972824096680e+00 -5.832149982452392578e-01 -2.296674013137817383e+00
-2.630148887634277344e+00 -4.945040047168731689e-01 -2.437727928161621094e+00
-2.678569078445434570e+00 -4.722819924354553223e-01 -2.365067005157470703e+00
-2.777647018432617188e+00 -4.108290076255798340e-01 -2.307291984558105469e+00
-2.744839906692504883e+00 -3.860560059547424316e-01 -2.350883960723876953e+00
-2.535907030105590820e+00 -7.542489767074584961e-01 -2.322103023529052734e+00
-2.412751913070678711e+00 -1.013942956924438477e+00 -2.277163028717041016e+00
-2.693289041519165039e+00 -5.545989871025085449e-01 -2.306731939315795898e+00
-2.660790920257568359e+00 -6.089220046997070312e-01 -2.292845964431762695e+00
-2.630148887634277344e+00 -4.945040047168731689e-01 -2.437727928161621094e+00
-2.797363042831420898e+00 -4.770820140838623047e-01 -2.281212091445922852e+00
-2.790884017944335938e+00 -5.413560271263122559e-01 -2.289978981018066406e+00
-2.519925117492675781e+00 -7.557880282402038574e-01 -2.349736928939819336e+00
-2.507884979248046875e+00 -7.586079835891723633e-01 -2.381292104721069336e+00
-2.588473081588745117e+00 -7.534580230712890625e-01 -2.257878065109252930e+00
-2.621907949447631836e+00 -7.318419814109802246e-01 -2.245595932006835938e+00
-2.553184032440185547e+00 -6.476349830627441406e-01 -2.468614101409912109e+00
-2.575453996658325195e+00 -7.303130030632019043e-01 -2.287882089614868164e+00
-2.497117996215820312e+00 -8.711220026016235352e-01 -2.272775888442993164e+00
-2.482103109359741211e+00 -9.278309941291809082e-01 -2.245460033416748047e+00
-2.648516893386840820e+00 -6.637089848518371582e-01 -2.268385887145996094e+00
-2.486355066299438477e+00 -8.721709847450256348e-01 -2.290553092956542969e+00
-2.771095991134643555e+00 -4.108909964561462402e-01 -2.316009998321533203e+00
-2.541352987289428711e+00 -7.537909746170043945e-01 -2.313036918640136719e+00
-2.505130052566528320e+00 -8.360540270805358887e-01 -2.293920993804931641e+00
-2.585911035537719727e+00 -5.856999754905700684e-01 -2.425887107849121094e+00
-2.531095981597900391e+00 -7.007030248641967773e-01 -2.403331041336059570e+00
-2.715271949768066406e+00 -5.562620162963867188e-01 -2.297314882278442383e+00
-2.504163980484008789e+00 -7.861710190773010254e-01 -2.349198102951049805e+00
-2.510528087615966797e+00 -8.355519771575927734e-01 -2.284981966018676758e+00
-2.751450061798095703e+00 -4.325239956378936768e-01 -2.342196941375732422e+00
-2.764564037322998047e+00 -4.323729872703552246e-01 -2.324748992919921875e+00
-2.725125074386596680e+00 -3.700299859046936035e-01 -2.377077102661132812e+00
-2.630891084671020508e+00 -5.813019871711730957e-01 -2.337127923965454102e+00
-2.563214063644409180e+00 -6.958029866218566895e-01 -2.332935094833374023e+00
-2.738234996795654297e+00 -3.462260067462921143e-01 -2.359580993652343750e+00
-2.650804042816162109e+00 -4.523699879646301270e-01 -2.471776008605957031e+00
-2.616895914077758789e+00 -5.534129738807678223e-01 -2.381793022155761719e+00
-2.624577999114990234e+00 -6.367869973182678223e-01 -2.303345918655395508e+00
-2.711198091506958008e+00 -3.863579928874969482e-01 -2.393877029418945312e+00
-2.664843082427978516e+00 -4.313249886035919189e-01 -2.425432920455932617e+00
-2.771164894104003906e+00 -4.773449897766113281e-01 -2.316067934036254883e+00
-2.668867111206054688e+00 -6.391469836235046387e-01 -2.271897077560424805e+00
-2.621984004974365234e+00 -5.127000212669372559e-01 -2.430160999298095703e+00
-2.790884017944335938e+00 -5.413560271263122559e-01 -2.289978981018066406e+00
-2.784197092056274414e+00 -4.107699990272521973e-01 -2.298577070236206055e+00
-2.664535999298095703e+00 -5.097709894180297852e-01 -2.352677106857299805e+00
-2.533552885055541992e+00 -7.323269844055175781e-01 -2.348200082778930664e+00
-2.657907962799072266e+00 -4.485689997673034668e-01 -2.419121026992797852e+00
-2.725125074386596680e+00 -3.700299859046936035e-01 -2.377077102661132812e+00
-2.580552101135253906e+00 -7.531380057334899902e-01 -2.264708995819091797e+00
-2.552248001098632812e+00 -6.966630220413208008e-01 -2.351255893707275391e+00
-2.738260030746459961e+00 -3.698740005493164062e-01 -2.359601974487304688e+00
-2.406671047210693359e+00 -9.861570000648498535e-01 -2.326953887939453125e+00
-2.777740001678466797e+00 -4.979450106620788574e-01 -2.307368993759155273e+00
-2.555406093597412109e+00 -7.305290102958679199e-01 -2.311774969100952148e+00
-2.574170112609863281e+00 -6.119009852409362793e-01 -2.414871931076049805e+00
-2.768817901611328125e+00 -6.193860173225402832e-01 -2.257934093475341797e+00
-2.509834051132202148e+00 -8.707929849624633789e-01 -2.256819963455200195e+00
-2.636329889297485352e+00 -4.929200112819671631e-01 -2.414060115814208984e+00
-2.568319082260131836e+00 -6.193420290946960449e-01 -2.483247995376586914e+00
-2.630148887634277344e+00 -4.945040047168731689e-01 -2.437727928161621094e+00
-2.731668949127197266e+00 -3.462980091571807861e-01 -2.368316888809204102e+00
-2.503845930099487305e+00 -7.595649957656860352e-01 -2.391858100891113281e+00
-2.627204895019531250e+00 -6.962320208549499512e-01 -2.263904094696044922e+00
-2.627990007400512695e+00 -5.527349710464477539e-01 -2.363065004348754883e+00
-2.493892908096313477e+00 -7.654219865798950195e-01 -2.440562963485717773e+00
-2.614090919494628906e+00 -6.078109741210937500e-01 -2.336348056793212891e+00
-2.731075048446655273e+00 -4.112429916858673096e-01 -2.367800951004028320e+00
-2.648565053939819336e+00 -5.525889992713928223e-01 -2.338574886322021484e+00
-2.563214063644409180e+00 -6.958029866218566895e-01 -2.332935094833374023e+00
-2.448875904083251953e+00 -9.308000206947326660e-01 -2.297332048416137695e+00
-2.739561080932617188e+00 -6.158819794654846191e-01 -2.261725902557373047e+00
-2.644180059432983398e+00 -5.099710226058959961e-01 -2.377623081207275391e+00
-2.703164100646972656e+00 -4.305079877376556396e-01 -2.372313022613525391e+00
-2.764564037322998047e+00 -4.323729872703552246e-01 -2.324748992919921875e+00
-2.669589996337890625e+00 -4.129689931869506836e-01 -2.459357976913452148e+00
-2.644907951354980469e+00 -6.973109841346740723e-01 -2.251502037048339844e+00
-2.640275001525878906e+00 -7.331939935684204102e-01 -2.233860969543457031e+00
-2.613663911819458008e+00 -7.314329743385314941e-01 -2.252235889434814453e+00
-2.474898099899291992e+00 -8.117049932479858398e-01 -2.407406091690063477e+00
-2.535625934600830078e+00 -7.828869819641113281e-01 -2.293879985809326172e+00
-2.435311079025268555e+00 -9.808930158615112305e-01 -2.270837068557739258e+00
-2.500895023345947266e+00 -7.608659863471984863e-01 -2.403506040573120117e+00
-2.712424039840698242e+00 -4.308449923992156982e-01 -2.365998983383178711e+00
-2.668867111206054688e+00 -6.391469836235046387e-01 -2.271897077560424805e+00
-2.528824090957641602e+00 -7.020879983901977539e-01 -2.415719985961914062e+00
-2.577811956405639648e+00 -6.110399961471557617e-01 -2.403713941574096680e+00
-2.471497058868408203e+00 -9.565680027008056641e-01 -2.235865116119384766e+00
-2.477253913879394531e+00 -8.101050257682800293e-01 -2.395200014114379883e+00
-2.651122093200683594e+00 -4.916320145130157471e-01 -2.383865118026733398e+00
-2.500895023345947266e+00 -7.608659863471984863e-01 -2.403506040573120117e+00
-2.443521976470947266e+00 -9.589310288429260254e-01 -2.278492927551269531e+00
-2.713004112243652344e+00 -3.703390061855316162e-01 -2.395472049713134766e+00
-2.657907962799072266e+00 -4.485689997673034668e-01 -2.419121026992797852e+00
-2.705660104751586914e+00 -4.732969999313354492e-01 -2.345767021179199219e+00
-2.667723894119262695e+00 -4.477759897708892822e-01 -2.398793935775756836e+00
-2.823694944381713867e+00 -6.255540251731872559e-01 -2.246519088745117188e+00
-2.823662996292114258e+00 -5.960429906845092773e-01 -2.246494054794311523e+00
-2.464884042739868164e+00 -9.566230177879333496e-01 -2.243438005447387695e+00
-2.608069896697998047e+00 -5.362480282783508301e-01 -2.446675062179565430e+00
-2.743772983551025391e+00 -4.956009984016418457e-01 -2.321429014205932617e+00
-2.516295909881591797e+00 -8.351830244064331055e-01 -2.276393890380859375e+00
-2.731075048446655273e+00 -4.112429916858673096e-01 -2.367800951004028320e+00
-2.678569078445434570e+00 -4.722819924354553223e-01 -2.365067005157470703e+00
-2.680659055709838867e+00 -4.475280046463012695e-01 -2.381339073181152344e+00
-2.438158035278320312e+00 -9.595280289649963379e-01 -2.287276983261108398e+00
-2.610227108001708984e+00 -5.351799726486206055e-01 -2.433939933776855469e+00
-2.510528087615966797e+00 -8.355519771575927734e-01 -2.284981966018676758e+00
-2.543411970138549805e+00 -6.694679856300354004e-01 -2.429655075073242188e+00
-2.737118959426879883e+00 -5.362740159034729004e-01 -2.301670074462890625e+00
-2.568037986755371094e+00 -6.156939864158630371e-01 -2.453178882598876953e+00
-2.568037986755371094e+00 -6.156939864158630371e-01 -2.453178882598876953e+00
-2.672935009002685547e+00 -4.112089872360229492e-01 -2.432796955108642578e+00
-2.496712923049926758e+00 -8.048260211944580078e-01 -2.342209100723266602e+00
-2.496712923049926758e+00 -8.048260211944580078e-01 -2.342209100723266602e+00
-2.504163980484008789e+00 -7.861710190773010254e-01 -2.349198102951049805e+00
-2.738765001296997070e+00 -4.500679969787597656e-01 -2.345680952072143555e+00
-2.614090919494628906e+00 -6.078109741210937500e-01 -2.336348056793212891e+00
-2.751450061798095703e+00 -4.325239956378936768e-01 -2.342196941375732422e+00
-2.797334909439086914e+00 -4.505150020122528076e-01 -2.281188964843750000e+00
-2.738765001296997070e+00 -4.500679969787597656e-01 -2.345680952072143555e+00
-2.787137031555175781e+00 -6.219570040702819824e-01 -2.258913993835449219e+00
-2.568037986755371094e+00 -6.156939864158630371e-01 -2.453178882598876953e+00
-2.592394113540649414e+00 -5.838750004768371582e-01 -2.402735948562622070e+00
-2.623224973678588867e+00 -6.625319719314575195e-01 -2.288192033767700195e+00
-2.522775888442993164e+00 -7.086259722709655762e-01 -2.468827962875366211e+00
-2.419229030609130859e+00 -9.827460050582885742e-01 -2.297111034393310547e+00
-2.541146039962768555e+00 -6.708070039749145508e-01 -2.442188978195190430e+00
-2.459557056427001953e+00 -9.571869969367980957e-01 -2.252190113067626953e+00
-2.630148887634277344e+00 -4.945040047168731689e-01 -2.437727928161621094e+00
-2.525007963180541992e+00 -7.339739799499511719e-01 -2.368752002716064453e+00
-2.738234996795654297e+00 -3.462260067462921143e-01 -2.359580993652343750e+00
-2.777647018432617188e+00 -4.108290076255798340e-01 -2.307291984558105469e+00
-2.636329889297485352e+00 -4.929200112819671631e-01 -2.414060115814208984e+00
-2.483169078826904297e+00 -7.931740283966064453e-01 -2.415451049804687500e+00
-2.686467885971069336e+00 -3.869839906692504883e-01 -2.430341005325317383e+00
-2.671489953994750977e+00 -5.825350284576416016e-01 -2.302066087722778320e+00
-2.744822978973388672e+00 -3.698010146617889404e-01 -2.350868940353393555e+00
-2.621037006378173828e+00 -6.077910065650939941e-01 -2.328375101089477539e+00
-2.610301017761230469e+00 -5.413240194320678711e-01 -2.493551969528198242e+00
-2.797363042831420898e+00 -4.770820140838623047e-01 -2.281212091445922852e+00
-2.788589000701904297e+00 -5.641490221023559570e-01 -2.288095951080322266e+00
-2.529011964797973633e+00 -7.330669760704040527e-01 -2.358210086822509766e+00
-2.610301017761230469e+00 -5.413240194320678711e-01 -2.493551969528198242e+00
-2.751740932464599609e+00 -5.377780199050903320e-01 -2.299834012985229492e+00
-2.556152105331420898e+00 -6.652039885520935059e-01 -2.383517026901245117e+00
-2.519925117492675781e+00 -7.557880282402038574e-01 -2.349736928939819336e+00
-2.771095991134643555e+00 -4.108909964561462402e-01 -2.316009998321533203e+00
-2.621907949447631836e+00 -7.318419814109802246e-01 -2.245595932006835938e+00
-2.738292932510375977e+00 -6.459299921989440918e-01 -2.246826887130737305e+00
-2.657497882843017578e+00 -5.097839832305908203e-01 -2.360764026641845703e+00
-2.690443992614746094e+00 -5.106679797172546387e-01 -2.332573890686035156e+00
-2.725125074386596680e+00 -3.700299859046936035e-01 -2.377077102661132812e+00
-2.448875904083251953e+00 -9.308000206947326660e-01 -2.297332048416137695e+00
-2.658900976181030273e+00 -6.384019851684570312e-01 -2.277278900146484375e+00
-2.768817901611328125e+00 -6.193860173225402832e-01 -2.257934093475341797e+00
-2.467334032058715820e+00 -8.422930240631103516e-01 -2.371252059936523438e+00
-2.501419067382812500e+00 -8.040710091590881348e-01 -2.332479953765869141e+00
-2.757915973663330078e+00 -3.460310101509094238e-01 -2.333395004272460938e+00
-2.714179992675781250e+00 -5.857970118522644043e-01 -2.282381057739257812e+00
-2.614090919494628906e+00 -6.078109741210937500e-01 -2.336348056793212891e+00
-2.641298055648803711e+00 -6.374800205230712891e-01 -2.289964914321899414e+00
-2.435311079025268555e+00 -9.808930158615112305e-01 -2.270837068557739258e+00
-2.563214063644409180e+00 -6.958029866218566895e-01 -2.332935094833374023e+00
-2.648565053939819336e+00 -5.525889992713928223e-01 -2.338574886322021484e+00
-2.534991025924682617e+00 -6.997799873352050781e-01 -2.392532110214233398e+00
-2.617197036743164062e+00 -6.366840004920959473e-01 -2.310878038406372070e+00
-2.608069896697998047e+00 -5.362480282783508301e-01 -2.446675062179565430e+00
-2.664843082427978516e+00 -4.313249886035919189e-01 -2.425432920455932617e+00
-2.751468896865844727e+00 -4.509919881820678711e-01 -2.342212915420532227e+00
-2.618839979171752930e+00 -5.164369940757751465e-01 -2.471668958663940430e+00
-2.725100040435791016e+00 -3.463720083236694336e-01 -2.377055883407592773e+00
-2.705660104751586914e+00 -4.732969999313354492e-01 -2.345767021179199219e+00
-2.419229030609130859e+00 -9.827460050582885742e-01 -2.297111034393310547e+00
-2.553276062011718750e+00 -6.495550274848937988e-01 -2.483645915985107422e+00
-2.671447992324829102e+00 -4.722859859466552734e-01 -2.373157024383544922e+00
-2.770076036453247070e+00 -5.617970228195190430e-01 -2.286919116973876953e+00
-2.612374067306518555e+00 -5.341200232505798340e-01 -2.421252965927124023e+00
-2.508666992187500000e+00 -7.397729754447937012e-01 -2.425571918487548828e+00
-2.428747892379760742e+00 -1.012063980102539062e+00 -2.251061916351318359e+00
-2.637861013412475586e+00 -5.812870264053344727e-01 -2.329123973846435547e+00
-2.817086935043334961e+00 -5.643690228462219238e-01 -2.255170106887817383e+00
-2.693289041519165039e+00 -5.545989871025085449e-01 -2.306731939315795898e+00
-2.603363990783691406e+00 -6.367210149765014648e-01 -2.326761007308959961e+00
-2.610636949539184570e+00 -6.954680085182189941e-01 -2.277210950851440430e+00
-2.738260030746459961e+00 -3.698740005493164062e-01 -2.359601974487304688e+00
-2.700834035873413086e+00 -6.682649850845336914e-01 -2.243485927581787109e+00
-2.754149913787841797e+00 -6.176270246505737305e-01 -2.259836912155151367e+00
-2.662122011184692383e+00 -4.480530023574829102e-01 -2.408317089080810547e+00
-2.676917076110839844e+00 -4.106959998607635498e-01 -2.421700954437255859e+00
-2.555144071578979492e+00 -6.519460082054138184e-01 -2.500504016876220703e+00
-2.534991025924682617e+00 -6.997799873352050781e-01 -2.392532110214233398e+00
-2.424598932266235352e+00 -9.821199774742126465e-01 -2.288343906402587891e+00
-2.764472007751464844e+00 -3.459720015525817871e-01 -2.324671983718872070e+00
-2.526540994644165039e+00 -7.034839987754821777e-01 -2.428153038024902344e+00
-2.607712030410766602e+00 -6.621099710464477539e-01 -2.302504062652587891e+00
-2.790884017944335938e+00 -5.413560271263122559e-01 -2.289978981018066406e+00
-2.630443096160888672e+00 -5.319060087203979492e-01 -2.379657983779907227e+00
-2.498570919036865234e+00 -9.012280106544494629e-01 -2.246692895889282227e+00
-2.582278013229370117e+00 -7.302950024604797363e-01 -2.280046939849853516e+00
-2.771164894104003906e+00 -4.773449897766113281e-01 -2.316067934036254883e+00
-2.570287942886352539e+00 -6.390720009803771973e-01 -2.382246971130371094e+00
-2.472528934478759766e+00 -8.133180141448974609e-01 -2.419656038284301758e+00
-2.617197036743164062e+00 -6.366840004920959473e-01 -2.310878038406372070e+00
-2.561800003051757812e+00 -7.303680181503295898e-01 -2.303546905517578125e+00
-2.556152105331420898e+00 -6.652039885520935059e-01 -2.383517026901245117e+00
-2.539969921112060547e+00 -6.744189858436584473e-01 -2.470702886581420898e+00
-2.508666992187500000e+00 -7.397729754447937012e-01 -2.425571918487548828e+00
-2.587033987045288086e+00 -6.621770262718200684e-01 -2.326237916946411133e+00
-2.581685066223144531e+00 -5.880810022354125977e-01 -2.451366901397705078e+00
-2.415337085723876953e+00 -9.642980098724365234e-01 -2.335333108901977539e+00
-2.679864883422851562e+00 -4.916650056838989258e-01 -2.351866006851196289e+00
-2.659506082534790039e+00 -4.328460097312927246e-01 -2.450067996978759766e+00
-2.695740938186645508e+00 -4.727999866008758545e-01 -2.351447105407714844e+00
-2.568319082260131836e+00 -6.193420290946960449e-01 -2.483247995376586914e+00
-2.652378082275390625e+00 -6.085810065269470215e-01 -2.299571990966796875e+00
-2.674577951431274414e+00 -6.997730135917663574e-01 -2.235342979431152344e+00
-2.658360004425048828e+00 -4.725120067596435547e-01 -2.390372991561889648e+00
-2.456788063049316406e+00 -9.786059856414794922e-01 -2.236068964004516602e+00
-2.463280916213989258e+00 -8.433579802513122559e-01 -2.381689071655273438e+00
-2.410698890686035156e+00 -9.849410057067871094e-01 -2.316823005676269531e+00
-2.656577110290527344e+00 -5.527909994125366211e-01 -2.331429004669189453e+00
-2.688427925109863281e+00 -4.919359982013702393e-01 -2.345067024230957031e+00
-2.414716005325317383e+00 -9.837350249290466309e-01 -2.306714057922363281e+00
-2.512300014495849609e+00 -8.030660152435302734e-01 -2.314454078674316406e+00
-2.610227108001708984e+00 -5.351799726486206055e-01 -2.433939933776855469e+00
-2.719064950942993164e+00 -3.864519894123077393e-01 -2.386269092559814453e+00
-2.519340991973876953e+00 -7.843109965324401855e-01 -2.320940971374511719e+00
-2.543020963668823242e+00 -6.980360150337219238e-01 -2.371273040771484375e+00
-2.560148000717163086e+00 -7.531939744949340820e-01 -2.288136005401611328e+00
-2.687510013580322266e+00 -4.100910127162933350e-01 -2.401966094970703125e+00
-2.771164894104003906e+00 -4.773449897766113281e-01 -2.316067934036254883e+00
-2.714004039764404297e+00 -6.132010221481323242e-01 -2.268295049667358398e+00
-2.696578979492187500e+00 -4.477939903736114502e-01 -2.366533994674682617e+00
-2.448875904083251953e+00 -9.308000206947326660e-01 -2.297332048416137695e+00
-2.687151908874511719e+00 -4.725390076637268066e-01 -2.358261108398437500e+00
-2.797363042831420898e+00 -4.770820140838623047e-01 -2.281212091445922852e+00
-2.465292930603027344e+00 -8.745660185813903809e-01 -2.326750993728637695e+00
-2.575453996658325195e+00 -7.303130030632019043e-01 -2.287882089614868164e+00
-2.639887094497680664e+00 -6.632630228996276855e-01 -2.274832010269165039e+00
-2.616895914077758789e+00 -5.534129738807678223e-01 -2.381793022155761719e+00
-2.710823059082031250e+00 -5.118690133094787598e-01 -2.321748971939086914e+00
-2.471497058868408203e+00 -9.565680027008056641e-01 -2.235865116119384766e+00
-2.702166080474853516e+00 -5.846899747848510742e-01 -2.286226034164428711e+00
-2.510528087615966797e+00 -8.355519771575927734e-01 -2.284981966018676758e+00
-2.731710910797119141e+00 -3.862110078334808350e-01 -2.368351936340332031e+00
-2.575453996658325195e+00 -7.303130030632019043e-01 -2.287882089614868164e+00
-2.678323984146118164e+00 -6.660450100898742676e-01 -2.252228975296020508e+00
-2.683175086975097656e+00 -5.539500117301940918e-01 -2.312134027481079102e+00
-2.530206918716430664e+00 -7.833549976348876953e-01 -2.302891969680786133e+00
-2.727370023727416992e+00 -5.573210120201110840e-01 -2.293472051620483398e+00
-2.493892908096313477e+00 -7.654219865798950195e-01 -2.440562963485717773e+00
-2.492393970489501953e+00 -7.695180177688598633e-01 -2.468703031539916992e+00
-2.624878883361816406e+00 -5.322359800338745117e-01 -2.389060020446777344e+00
-2.771164894104003906e+00 -4.773449897766113281e-01 -2.316067934036254883e+00
-2.758007049560546875e+00 -4.324460029602050781e-01 -2.333472013473510742e+00
-2.690443992614746094e+00 -5.106679797172546387e-01 -2.332573890686035156e+00
-2.634567975997924805e+00 -5.526220202445983887e-01 -2.354650020599365234e+00
-2.486355066299438477e+00 -8.721709847450256348e-01 -2.290553092956542969e+00
-2.553340911865234375e+00 -7.532250285148620605e-01 -2.295941114425659180e+00
-2.476993083953857422e+00 -7.982590198516845703e-01 -2.453449010848999023e+00
-2.764540910720825195e+00 -4.109570086002349854e-01 -2.324729919433593750e+00
-2.508666992187500000e+00 -7.397729754447937012e-01 -2.425571918487548828e+00
-2.630891084671020508e+00 -5.813019871711730957e-01 -2.337127923965454102e+00
-2.505234003067016602e+00 -9.011920094490051270e-01 -2.239057064056396484e+00
-2.734299898147583008e+00 -4.320540130138397217e-01 -2.356189012527465820e+00
-2.642427921295166016e+00 -5.314400196075439453e-01 -2.361674070358276367e+00
-2.708106994628906250e+00 -4.929530024528503418e-01 -2.333619117736816406e+00
-2.607773065567016602e+00 -5.392479896545410156e-01 -2.476138114929199219e+00
-2.570287942886352539e+00 -6.390720009803771973e-01 -2.382246971130371094e+00
-2.640275001525878906e+00 -7.331939935684204102e-01 -2.233860969543457031e+00
-2.485517024993896484e+00 -7.916049957275390625e-01 -2.403187990188598633e+00
-2.607712030410766602e+00 -6.621099710464477539e-01 -2.302504062652587891e+00
-2.691802978515625000e+00 -5.328400135040283203e-01 -2.319570064544677734e+00
-2.790816068649291992e+00 -4.771409928798675537e-01 -2.289922952651977539e+00
-2.545667886734008789e+00 -6.681399941444396973e-01 -2.417167901992797852e+00
-2.764497995376586914e+00 -3.696030080318450928e-01 -2.324692964553833008e+00
-2.738276958465576172e+00 -3.861320018768310547e-01 -2.359616041183471680e+00
-2.464989900588989258e+00 -9.290770292282104492e-01 -2.270869970321655273e+00
-2.459557056427001953e+00 -9.571869969367980957e-01 -2.252190113067626953e+00
-2.529752969741821289e+00 -8.351079821586608887e-01 -2.260972023010253906e+00
-2.738260030746459961e+00 -3.698740005493164062e-01 -2.359601974487304688e+00
-2.739778041839599609e+00 -4.755539894104003906e-01 -2.332261085510253906e+00
-2.522775888442993164e+00 -7.086259722709655762e-01 -2.468827962875366211e+00
-2.539916992187500000e+00 -6.724349856376647949e-01 -2.455786943435668945e+00
-2.582052946090698242e+00 -5.915639996528625488e-01 -2.481503009796142578e+00
-2.575632095336914062e+00 -6.628649830818176270e-01 -2.344235897064208984e+00
-2.478436946868896484e+00 -7.963489890098571777e-01 -2.440114974975585938e+00
-2.454221010208129883e+00 -9.577599763870239258e-01 -2.260948896408081055e+00
-2.731668949127197266e+00 -3.462980091571807861e-01 -2.368316888809204102e+00
-2.665052890777587891e+00 -5.530940294265747070e-01 -2.324676990509033203e+00
-2.683175086975097656e+00 -5.539500117301940918e-01 -2.312134027481079102e+00
-2.641566991806030273e+00 -5.526030063629150391e-01 -2.346612930297851562e+00
-2.641298055648803711e+00 -6.374800205230712891e-01 -2.289964914321899414e+00
-2.419368982315063477e+00 -9.631040096282958984e-01 -2.325155019760131836e+00
-2.522775888442993164e+00 -7.086259722709655762e-01 -2.468827962875366211e+00
-2.539916992187500000e+00 -6.724349856376647949e-01 -2.455786943435668945e+00
-2.504441022872924805e+00 -7.428719997406005859e-01 -2.450885057449340820e+00
-2.574831008911132812e+00 -6.951519846916198730e-01 -2.315264940261840820e+00
-2.531095981597900391e+00 -7.007030248641967773e-01 -2.403331041336059570e+00
-2.508666992187500000e+00 -7.397729754447937012e-01 -2.425571918487548828e+00
-2.643996000289916992e+00 -4.738340079784393311e-01 -2.421078920364379883e+00
-2.434735059738159180e+00 -9.333860278129577637e-01 -2.325838088989257812e+00
-2.771069049835205078e+00 -3.857870101928710938e-01 -2.315987110137939453e+00
-2.498570919036865234e+00 -9.012280106544494629e-01 -2.246692895889282227e+00
-2.596904993057250977e+00 -5.616819858551025391e-01 -2.480756044387817383e+00
-2.645656108856201172e+00 -5.814589858055114746e-01 -2.321844100952148438e+00
-2.475553989410400391e+00 -8.732510209083557129e-01 -2.308362960815429688e+00
-2.584696054458618164e+00 -5.938940048217773438e-01 -2.499083042144775391e+00
-2.534991025924682617e+00 -6.997799873352050781e-01 -2.392532110214233398e+00
-2.803906917572021484e+00 -4.770269989967346191e-01 -2.272505998611450195e+00
-2.650402069091796875e+00 -4.510349929332733154e-01 -2.456500053405761719e+00
-2.657269001007080078e+00 -4.914419949054718018e-01 -2.374938011169433594e+00
-2.681545972824096680e+00 -5.832149982452392578e-01 -2.296674013137817383e+00
-2.660790920257568359e+00 -6.089220046997070312e-01 -2.292845964431762695e+00
-2.522777080535888672e+00 -7.065439820289611816e-01 -2.453979015350341797e+00
-2.494307041168212891e+00 -8.370810151100158691e-01 -2.311825037002563477e+00
-2.651797056198120117e+00 -4.500170052051544189e-01 -2.442965984344482422e+00
-2.710823059082031250e+00 -5.118690133094787598e-01 -2.321748971939086914e+00
-2.539916992187500000e+00 -6.724349856376647949e-01 -2.455786943435668945e+00
-2.540019989013671875e+00 -6.764190196990966797e-01 -2.485703945159912109e+00
-2.531095981597900391e+00 -7.007030248641967773e-01 -2.403331041336059570e+00
-2.679974079132080078e+00 -4.302490055561065674e-01 -2.395231008529663086e+00
-2.523025989532470703e+00 -8.351420164108276367e-01 -2.268682956695556641e+00
-2.695740938186645508e+00 -4.727999866008758545e-01 -2.351447105407714844e+00
-2.645544052124023438e+00 -4.919340014457702637e-01 -2.393318891525268555e+00
-2.691623926162719727e+00 -5.839009881019592285e-01 -2.291270017623901367e+00
-2.570759057998657227e+00 -6.217460036277770996e-01 -2.500653028488159180e+00
-2.470343112945556641e+00 -9.285190105438232422e-01 -2.262067079544067383e+00
-2.642427921295166016e+00 -5.314400196075439453e-01 -2.361674070358276367e+00
-2.744839906692504883e+00 -3.860560059547424316e-01 -2.350883960723876953e+00
-2.618916988372802734e+00 -6.958469748497009277e-01 -2.270561933517456055e+00
-2.764611005783081055e+00 -4.774219989776611328e-01 -2.324789047241210938e+00
-2.475687026977539062e+00 -9.279689788818359375e-01 -2.253271102905273438e+00
-2.810544013977050781e+00 -5.644239783287048340e-01 -2.263874053955078125e+00
-2.570132970809936523e+00 -6.632739901542663574e-01 -2.353444099426269531e+00
-2.508439064025878906e+00 -7.852950096130371094e-01 -2.339025974273681641e+00
-2.664328098297119141e+00 -4.914250075817108154e-01 -2.366832017898559570e+00
-2.739561080932617188e+00 -6.158819794654846191e-01 -2.261725902557373047e+00
-2.764472007751464844e+00 -3.459720015525817871e-01 -2.324671983718872070e+00
-2.725100040435791016e+00 -3.463720083236694336e-01 -2.377055883407592773e+00
-2.553276062011718750e+00 -6.495550274848937988e-01 -2.483645915985107422e+00
-2.648516893386840820e+00 -6.637089848518371582e-01 -2.268385887145996094e+00
-2.648565053939819336e+00 -5.525889992713928223e-01 -2.338574886322021484e+00
-2.790767908096313477e+00 -4.321190118789672852e-01 -2.289884090423583984e+00
-2.596098899841308594e+00 -6.085739731788635254e-01 -2.362864971160888672e+00
-2.530452966690063477e+00 -7.547150254249572754e-01 -2.331177949905395508e+00
-2.510528087615966797e+00 -8.355519771575927734e-01 -2.284981966018676758e+00
-2.480808973312377930e+00 -7.947549819946289062e-01 -2.427758932113647461e+00
-2.660790920257568359e+00 -6.089220046997070312e-01 -2.292845964431762695e+00
-2.632333040237426758e+00 -4.935370087623596191e-01 -2.425034046173095703e+00
-2.668365955352783203e+00 -6.652590036392211914e-01 -2.257628917694091797e+00
-2.555406093597412109e+00 -7.305290102958679199e-01 -2.311774969100952148e+00
